Acc			C	gamma
[0.9871724286953701, 100.0, 0.1]
[0.9871724286953701, 500, 0.1]
[0.9871724286953701, 1000.0, 0.1]
[0.9870452156239633, 10.0, 0.1]
[0.9828019531251768, 1.0, 0.1]
[0.9802288480701703, 100.0, 0.01]
[0.9776023311748124, 500, 0.01]
[0.9764156156282305, 1000.0, 0.01]
[0.9674744902975231, 10.0, 0.01]
[0.9660348410769082, 1000.0, 0.001]
[0.9553291876453054, 500, 0.001]
[0.9328049914621674, 0.1, 0.1]
[0.9295591283554258, 10.0, 1.0]
[0.9295591283554258, 100.0, 1.0]
[0.9295591283554258, 500, 1.0]
[0.9295591283554258, 1000.0, 1.0]
[0.9271100689432044, 1.0, 1.0]
[0.9201044036452931, 100.0, 0.001]
[0.9172953764826004, 1.0, 0.01]
[0.8758014681581843, 1000.0, 0.0001]
[0.8638329806890214, 500, 0.0001]
[0.8482155934962038, 10.0, 0.001]
[0.832259209597431, 100.0, 0.0001]
[0.8308210420129395, 1000.0, 1e-05]
[0.8154408792444926, 500, 1e-05]
[0.7734089666180449, 0.1, 0.01]
[0.7597787451517882, 1.0, 0.001]
[0.7580367945814381, 10.0, 0.0001]
[0.7578847971525321, 100.0, 1e-05]
[0.7578342919860831, 1000.0, 1e-06]
[0.7275352051247351, 500, 1e-06]
[0.6062319082546151, 100.0, 1e-06]
[0.6061562271136566, 10.0, 1e-05]
[0.6059792687478297, 1.0, 0.0001]
[0.6034799281750027, 0.1, 0.001]
[0.5813665076577571, 0.1, 1.0]
[0.5698862555098717, 0.01, 0.1]
[0.5492799137086132, 0.01, 0.01]
[0.512723627387479, 10.0, 10.0]
[0.512723627387479, 100.0, 10.0]
[0.512723627387479, 500, 10.0]
[0.512723627387479, 1000.0, 10.0]
[0.508279447151538, 1.0, 10.0]
[0.4966653392571987, 1e-06, 1e-06]
[0.4966653392571987, 1e-06, 1e-05]
[0.4966653392571987, 1e-06, 0.0001]
[0.4966653392571987, 1e-06, 0.001]
[0.4966653392571987, 1e-06, 0.01]
[0.4966653392571987, 1e-06, 0.1]
[0.4966653392571987, 1e-06, 1.0]
[0.4966653392571987, 1e-06, 10.0]
[0.4966653392571987, 1e-06, 100.0]
[0.4966653392571987, 1e-06, 500]
[0.4966653392571987, 1e-06, 1000.0]
[0.4966653392571987, 1e-05, 1e-06]
[0.4966653392571987, 1e-05, 1e-05]
[0.4966653392571987, 1e-05, 0.0001]
[0.4966653392571987, 1e-05, 0.001]
[0.4966653392571987, 1e-05, 0.01]
[0.4966653392571987, 1e-05, 0.1]
[0.4966653392571987, 1e-05, 1.0]
[0.4966653392571987, 1e-05, 10.0]
[0.4966653392571987, 1e-05, 100.0]
[0.4966653392571987, 1e-05, 500]
[0.4966653392571987, 1e-05, 1000.0]
[0.4966653392571987, 0.0001, 1e-06]
[0.4966653392571987, 0.0001, 1e-05]
[0.4966653392571987, 0.0001, 0.0001]
[0.4966653392571987, 0.0001, 0.001]
[0.4966653392571987, 0.0001, 0.01]
[0.4966653392571987, 0.0001, 0.1]
[0.4966653392571987, 0.0001, 1.0]
[0.4966653392571987, 0.0001, 10.0]
[0.4966653392571987, 0.0001, 100.0]
[0.4966653392571987, 0.0001, 500]
[0.4966653392571987, 0.0001, 1000.0]
[0.4966653392571987, 0.001, 1e-06]
[0.4966653392571987, 0.001, 1e-05]
[0.4966653392571987, 0.001, 0.0001]
[0.4966653392571987, 0.001, 0.001]
[0.4966653392571987, 0.001, 0.01]
[0.4966653392571987, 0.001, 0.1]
[0.4966653392571987, 0.001, 1.0]
[0.4966653392571987, 0.001, 10.0]
[0.4966653392571987, 0.001, 100.0]
[0.4966653392571987, 0.001, 500]
[0.4966653392571987, 0.001, 1000.0]
[0.4966653392571987, 0.01, 1e-06]
[0.4966653392571987, 0.01, 1e-05]
[0.4966653392571987, 0.01, 0.0001]
[0.4966653392571987, 0.01, 0.001]
[0.4966653392571987, 0.01, 1.0]
[0.4966653392571987, 0.01, 10.0]
[0.4966653392571987, 0.01, 100.0]
[0.4966653392571987, 0.01, 500]
[0.4966653392571987, 0.01, 1000.0]
[0.4966653392571987, 0.1, 1e-06]
[0.4966653392571987, 0.1, 1e-05]
[0.4966653392571987, 0.1, 0.0001]
[0.4966653392571987, 0.1, 10.0]
[0.4966653392571987, 0.1, 100.0]
[0.4966653392571987, 0.1, 500]
[0.4966653392571987, 0.1, 1000.0]
[0.4966653392571987, 1.0, 1e-06]
[0.4966653392571987, 1.0, 1e-05]
[0.4966653392571987, 1.0, 100.0]
[0.4966653392571987, 1.0, 500]
[0.4966653392571987, 1.0, 1000.0]
[0.4966653392571987, 10.0, 1e-06]
[0.4966653392571987, 10.0, 100.0]
[0.4966653392571987, 10.0, 500]
[0.4966653392571987, 10.0, 1000.0]
[0.4966653392571987, 100.0, 100.0]
[0.4966653392571987, 100.0, 500]
[0.4966653392571987, 100.0, 1000.0]
[0.4966653392571987, 500, 100.0]
[0.4966653392571987, 500, 500]
[0.4966653392571987, 500, 1000.0]
[0.4966653392571987, 1000.0, 100.0]
[0.4966653392571987, 1000.0, 500]
[0.4966653392571987, 1000.0, 1000.0]