Results
Acc			C	gamma
[0.5, 1e-06, 10.0]
[0.5, 1e-05, 10.0]
[0.5, 0.0001, 10.0]
[0.5, 0.0001, 100.0]
[0.5, 0.001, 10.0]
[0.5, 0.001, 100.0]
[0.5, 0.01, 10.0]
[0.5, 0.01, 100.0]
[0.5, 0.1, 10.0]
[0.5, 0.1, 100.0]
[0.5, 1.0, 10.0]
[0.5, 1.0, 100.0]
[0.5, 10.0, 100.0]
[0.5, 100.0, 100.0]
[0.5, 500, 100.0]
[0.5, 1000.0, 100.0]
[0.4997222222222222, 10.0, 10.0]
[0.4997222222222222, 100.0, 10.0]
[0.4997222222222222, 500, 10.0]
[0.4997222222222222, 1000.0, 10.0]
[0.4959722222222222, 1e-06, 1000.0]
[0.4959722222222222, 1e-05, 1000.0]
[0.49583333333333335, 0.0001, 1000.0]
[0.49569444444444444, 0.001, 1000.0]
[0.4955555555555555, 0.01, 1000.0]
[0.4955555555555555, 0.1, 1000.0]
[0.4955555555555555, 1.0, 1000.0]
[0.4955555555555555, 10.0, 1000.0]
[0.4955555555555555, 100.0, 1000.0]
[0.4955555555555555, 500, 1000.0]
[0.4955555555555555, 1000.0, 1000.0]
[0.4877777777777778, 1.0, 500]
[0.4877777777777778, 10.0, 500]
[0.4877777777777778, 100.0, 500]
[0.4877777777777778, 500, 500]
[0.4877777777777778, 1000.0, 500]
[0.48527777777777775, 1e-06, 100.0]
[0.48527777777777775, 1e-05, 100.0]
[0.48374999999999996, 1e-06, 500]
[0.48374999999999996, 1e-05, 500]
[0.48361111111111105, 0.0001, 500]
[0.48361111111111105, 0.001, 500]
[0.48347222222222225, 0.01, 500]
[0.48347222222222225, 0.1, 500]
[0.4818055555555556, 1e-06, 0.0001]
[0.4818055555555556, 1e-05, 0.0001]
[0.4818055555555556, 0.0001, 0.0001]
[0.4818055555555556, 0.001, 0.0001]
[0.4818055555555556, 0.01, 0.0001]
[0.4818055555555556, 0.1, 0.0001]
[0.4816666666666667, 1e-06, 1e-06]
[0.4816666666666667, 1e-06, 1e-05]
[0.4816666666666667, 1e-05, 1e-06]
[0.4816666666666667, 1e-05, 1e-05]
[0.4816666666666667, 0.0001, 1e-06]
[0.4816666666666667, 0.0001, 1e-05]
[0.4816666666666667, 0.001, 1e-06]
[0.4816666666666667, 0.001, 1e-05]
[0.4816666666666667, 0.01, 1e-06]
[0.4816666666666667, 0.01, 1e-05]
[0.4816666666666667, 0.1, 1e-06]
[0.4816666666666667, 0.1, 1e-05]
[0.4816666666666667, 1.0, 1e-06]
[0.4816666666666667, 1.0, 1e-05]
[0.4816666666666667, 10.0, 1e-06]
[0.47944444444444434, 1e-06, 0.001]
[0.47944444444444434, 1e-05, 0.001]
[0.47944444444444434, 0.0001, 0.001]
[0.47944444444444434, 0.001, 0.001]
[0.47944444444444434, 0.01, 0.001]
[0.47152777777777777, 1e-06, 1.0]
[0.47152777777777777, 1e-05, 1.0]
[0.47152777777777777, 0.0001, 1.0]
[0.47152777777777777, 0.001, 1.0]
[0.47152777777777777, 0.01, 1.0]
[0.45208333333333334, 0.1, 1.0]
[0.44555555555555565, 1e-06, 0.01]
[0.44555555555555565, 1e-05, 0.01]
[0.44555555555555565, 0.0001, 0.01]
[0.44555555555555565, 0.001, 0.01]
[0.4395833333333332, 1.0, 1.0]
[0.43888888888888894, 10.0, 1.0]
[0.43888888888888894, 100.0, 1.0]
[0.43888888888888894, 500, 1.0]
[0.43888888888888894, 1000.0, 1.0]
[0.43333333333333335, 1.0, 0.1]
[0.42875, 0.01, 0.01]
[0.42444444444444457, 0.1, 0.001]
[0.4222222222222223, 100.0, 1e-06]
[0.4222222222222222, 1.0, 0.0001]
[0.4220833333333334, 10.0, 1e-05]
[0.41944444444444434, 100.0, 0.1]
[0.41805555555555557, 500, 0.1]
[0.41805555555555557, 1000.0, 0.1]
[0.41625, 0.1, 0.1]
[0.40874999999999995, 10.0, 0.1]
[0.40111111111111114, 500, 1e-06]
[0.3880555555555556, 1.0, 0.01]
[0.38055555555555554, 0.1, 0.01]
[0.3795833333333334, 10.0, 0.01]
[0.37777777777777777, 1000.0, 1e-06]
[0.37763888888888886, 100.0, 1e-05]
[0.3773611111111111, 1.0, 0.001]
[0.37680555555555556, 10.0, 0.0001]
[0.37666666666666665, 1e-06, 0.1]
[0.37666666666666665, 1e-05, 0.1]
[0.37666666666666665, 0.0001, 0.1]
[0.37666666666666665, 0.001, 0.1]
[0.3730555555555555, 100.0, 0.01]
[0.37180555555555556, 0.01, 0.1]
[0.3688888888888888, 1000.0, 0.01]
[0.36763888888888885, 500, 0.01]
[0.34805555555555556, 100.0, 0.001]
[0.3361111111111111, 500, 0.001]
[0.3326388888888889, 1000.0, 0.001]
[0.33069444444444446, 500, 1e-05]
[0.3298611111111111, 1000.0, 1e-05]
[0.32972222222222225, 10.0, 0.001]
[0.32958333333333334, 500, 0.0001]
[0.32916666666666666, 100.0, 0.0001]
[0.3284722222222223, 1000.0, 0.0001]
