1e-06 1e-06 51.06424305948087 %
1e-06 1e-05 51.06424305948087 %
1e-06 0.0001 51.09183687846542 %
1e-06 0.001 51.09183687846542 %
1e-06 0.01 51.39536888729545 %
1e-06 0.1 52.25077727581642 %
1e-06 1.0 49.684552110253506 %
1e-06 10.0 48.6359869888407 %
1e-06 100.0 52.36115255175461 %
1e-06 500 49.1602695495471 %
1e-06 1000.0 48.69117462680979 %
1e-05 1e-06 51.06424305948087 %
1e-05 1e-05 51.06424305948087 %
1e-05 0.0001 51.09183687846542 %
1e-05 0.001 51.09183687846542 %
1e-05 0.01 51.39536888729545 %
1e-05 0.1 52.25077727581642 %
1e-05 1.0 49.684552110253506 %
1e-05 10.0 48.6359869888407 %
1e-05 100.0 52.36115255175461 %
1e-05 500 49.1602695495471 %
1e-05 1000.0 48.69117462680979 %
0.0001 1e-06 51.06424305948087 %
0.0001 1e-05 51.06424305948087 %
0.0001 0.0001 51.09183687846542 %
0.0001 0.001 51.09183687846542 %
0.0001 0.01 51.39536888729545 %
0.0001 0.1 52.25077727581642 %
0.0001 1.0 49.684552110253506 %
0.0001 10.0 48.6359869888407 %
0.0001 100.0 52.36115255175461 %
0.0001 500 49.1602695495471 %
0.0001 1000.0 48.69117462680979 %
0.001 1e-06 51.06424305948087 %
0.001 1e-05 51.06424305948087 %
0.001 0.0001 51.09183687846542 %
0.001 0.001 51.09183687846542 %
0.001 0.01 51.39536888729545 %
0.001 0.1 52.25077727581642 %
0.001 1.0 49.684552110253506 %
0.001 10.0 48.6359869888407 %
0.001 100.0 52.36115255175461 %
0.001 500 49.1602695495471 %
0.001 1000.0 48.69117462680979 %
0.01 1e-06 51.06424305948087 %
0.01 1e-05 51.06424305948087 %
0.01 0.0001 51.09183687846542 %
0.01 0.001 51.09183687846542 %
0.01 0.01 51.39536888729545 %
0.01 0.1 58.88524158194818 %
0.01 1.0 49.684552110253506 %
0.01 10.0 48.6359869888407 %
0.01 100.0 52.36115255175461 %
0.01 500 49.18786336853165 %
0.01 1000.0 48.69117462680979 %
0.1 1e-06 51.06424305948087 %
0.1 1e-05 51.06424305948087 %
0.1 0.0001 51.09183687846542 %
0.1 0.001 54.52427181409569 %
0.1 0.01 92.55421277709365 %
0.1 0.1 98.55264337191528 %
0.1 1.0 53.84188452703125 %
0.1 10.0 48.6359869888407 %
0.1 100.0 52.36115255175461 %
0.1 500 49.18786336853165 %
0.1 1000.0 48.69117462680979 %
1.0 1e-06 51.06424305948087 %
1.0 1e-05 51.06424305948087 %
1.0 0.0001 55.199459366193494 %
1.0 0.001 92.88847069080558 %
1.0 0.01 99.59219434946488 %
1.0 0.1 99.66787840220218 %
1.0 1.0 86.87045881764423 %
1.0 10.0 49.33129828924572 %
1.0 100.0 48.6359869888407 %
1.0 500 49.18786336853165 %
1.0 1000.0 48.69117462680979 %
10.0 1e-06 51.06424305948087 %
10.0 1e-05 55.199187951580534 %
10.0 0.0001 92.94439910243867 %
10.0 0.001 99.70046054369722 %
10.0 0.01 99.88794480005765 %
10.0 0.1 99.77785390587353 %
10.0 1.0 87.88719162742655 %
10.0 10.0 49.78029905688958 %
10.0 100.0 48.6359869888407 %
10.0 500 49.18786336853165 %
10.0 1000.0 48.69117462680979 %
100.0 1e-06 55.199187951580534 %
100.0 1e-05 92.94439910243867 %
100.0 0.0001 99.70046054369722 %
100.0 0.001 99.85969621248704 %
100.0 0.01 99.85969621248704 %
100.0 0.1 99.77785390587353 %
100.0 1.0 87.88719162742655 %
100.0 10.0 49.78029905688958 %
100.0 100.0 48.6359869888407 %
100.0 500 49.18786336853165 %
100.0 1000.0 48.69117462680979 %
500 1e-06 92.40038902868967 %
500 1e-05 99.4600667223148 %
500 0.0001 99.88729003147158 %
500 0.001 99.83144762491641 %
500 0.01 99.85969621248704 %
500 0.1 99.77785390587353 %
500 1.0 87.88719162742655 %
500 10.0 49.78029905688958 %
500 100.0 48.6359869888407 %
500 500 49.18786336853165 %
500 1000.0 48.69117462680979 %
1000.0 1e-06 92.94439910243867 %
1000.0 1e-05 99.72699982182887 %
1000.0 0.0001 99.85969621248704 %
1000.0 0.001 99.85969621248704 %
1000.0 0.01 99.85969621248704 %
1000.0 0.1 99.77785390587353 %
1000.0 1.0 87.88719162742655 %
1000.0 10.0 49.78029905688958 %
1000.0 100.0 48.6359869888407 %
1000.0 500 49.18786336853165 %
1000.0 1000.0 48.69117462680979 %
Acc			C	gamma
[0.9988794480005766, 10.0, 0.01]
[0.9988729003147158, 500, 0.0001]
[0.9985969621248704, 100.0, 0.001]
[0.9985969621248704, 100.0, 0.01]
[0.9985969621248704, 500, 0.01]
[0.9985969621248704, 1000.0, 0.0001]
[0.9985969621248704, 1000.0, 0.001]
[0.9985969621248704, 1000.0, 0.01]
[0.9983144762491641, 500, 0.001]
[0.9977785390587353, 10.0, 0.1]
[0.9977785390587353, 100.0, 0.1]
[0.9977785390587353, 500, 0.1]
[0.9977785390587353, 1000.0, 0.1]
[0.9972699982182887, 1000.0, 1e-05]
[0.9970046054369722, 10.0, 0.001]
[0.9970046054369722, 100.0, 0.0001]
[0.9966787840220218, 1.0, 0.1]
[0.9959219434946487, 1.0, 0.01]
[0.9946006672231481, 500, 1e-05]
[0.9855264337191528, 0.1, 0.1]
[0.9294439910243867, 10.0, 0.0001]
[0.9294439910243867, 100.0, 1e-05]
[0.9294439910243867, 1000.0, 1e-06]
[0.9288847069080557, 1.0, 0.001]
[0.9255421277709365, 0.1, 0.01]
[0.9240038902868967, 500, 1e-06]
[0.8788719162742655, 10.0, 1.0]
[0.8788719162742655, 100.0, 1.0]
[0.8788719162742655, 500, 1.0]
[0.8788719162742655, 1000.0, 1.0]
[0.8687045881764424, 1.0, 1.0]
[0.5888524158194818, 0.01, 0.1]
[0.5519945936619349, 1.0, 0.0001]
[0.5519918795158053, 10.0, 1e-05]
[0.5519918795158053, 100.0, 1e-06]
[0.5452427181409569, 0.1, 0.001]
[0.5384188452703125, 0.1, 1.0]
[0.5236115255175461, 1e-06, 100.0]
[0.5236115255175461, 1e-05, 100.0]
[0.5236115255175461, 0.0001, 100.0]
[0.5236115255175461, 0.001, 100.0]
[0.5236115255175461, 0.01, 100.0]
[0.5236115255175461, 0.1, 100.0]
[0.5225077727581642, 1e-06, 0.1]
[0.5225077727581642, 1e-05, 0.1]
[0.5225077727581642, 0.0001, 0.1]
[0.5225077727581642, 0.001, 0.1]
[0.5139536888729545, 1e-06, 0.01]
[0.5139536888729545, 1e-05, 0.01]
[0.5139536888729545, 0.0001, 0.01]
[0.5139536888729545, 0.001, 0.01]
[0.5139536888729545, 0.01, 0.01]
[0.5109183687846542, 1e-06, 0.0001]
[0.5109183687846542, 1e-06, 0.001]
[0.5109183687846542, 1e-05, 0.0001]
[0.5109183687846542, 1e-05, 0.001]
[0.5109183687846542, 0.0001, 0.0001]
[0.5109183687846542, 0.0001, 0.001]
[0.5109183687846542, 0.001, 0.0001]
[0.5109183687846542, 0.001, 0.001]
[0.5109183687846542, 0.01, 0.0001]
[0.5109183687846542, 0.01, 0.001]
[0.5109183687846542, 0.1, 0.0001]
[0.5106424305948087, 1e-06, 1e-06]
[0.5106424305948087, 1e-06, 1e-05]
[0.5106424305948087, 1e-05, 1e-06]
[0.5106424305948087, 1e-05, 1e-05]
[0.5106424305948087, 0.0001, 1e-06]
[0.5106424305948087, 0.0001, 1e-05]
[0.5106424305948087, 0.001, 1e-06]
[0.5106424305948087, 0.001, 1e-05]
[0.5106424305948087, 0.01, 1e-06]
[0.5106424305948087, 0.01, 1e-05]
[0.5106424305948087, 0.1, 1e-06]
[0.5106424305948087, 0.1, 1e-05]
[0.5106424305948087, 1.0, 1e-06]
[0.5106424305948087, 1.0, 1e-05]
[0.5106424305948087, 10.0, 1e-06]
[0.4978029905688958, 10.0, 10.0]
[0.4978029905688958, 100.0, 10.0]
[0.4978029905688958, 500, 10.0]
[0.4978029905688958, 1000.0, 10.0]
[0.49684552110253505, 1e-06, 1.0]
[0.49684552110253505, 1e-05, 1.0]
[0.49684552110253505, 0.0001, 1.0]
[0.49684552110253505, 0.001, 1.0]
[0.49684552110253505, 0.01, 1.0]
[0.49331298289245723, 1.0, 10.0]
[0.4918786336853165, 0.01, 500]
[0.4918786336853165, 0.1, 500]
[0.4918786336853165, 1.0, 500]
[0.4918786336853165, 10.0, 500]
[0.4918786336853165, 100.0, 500]
[0.4918786336853165, 500, 500]
[0.4918786336853165, 1000.0, 500]
[0.49160269549547103, 1e-06, 500]
[0.49160269549547103, 1e-05, 500]
[0.49160269549547103, 0.0001, 500]
[0.49160269549547103, 0.001, 500]
[0.4869117462680979, 1e-06, 1000.0]
[0.4869117462680979, 1e-05, 1000.0]
[0.4869117462680979, 0.0001, 1000.0]
[0.4869117462680979, 0.001, 1000.0]
[0.4869117462680979, 0.01, 1000.0]
[0.4869117462680979, 0.1, 1000.0]
[0.4869117462680979, 1.0, 1000.0]
[0.4869117462680979, 10.0, 1000.0]
[0.4869117462680979, 100.0, 1000.0]
[0.4869117462680979, 500, 1000.0]
[0.4869117462680979, 1000.0, 1000.0]
[0.486359869888407, 1e-06, 10.0]
[0.486359869888407, 1e-05, 10.0]
[0.486359869888407, 0.0001, 10.0]
[0.486359869888407, 0.001, 10.0]
[0.486359869888407, 0.01, 10.0]
[0.486359869888407, 0.1, 10.0]
[0.486359869888407, 1.0, 100.0]
[0.486359869888407, 10.0, 100.0]
[0.486359869888407, 100.0, 100.0]
[0.486359869888407, 500, 100.0]
[0.486359869888407, 1000.0, 100.0]
