[0.91, 0.4483333333333333, 0.36333333333333334, 0.31666666666666665, 0.30666666666666664, 0.22666666666666666, 0.51, 0.52, 0.605, 0.7816666666666666, 0.49833333333333335, 0.11]
kneighborsclassifier-0.4664-roc-2022-02-24-15-19-54-weights_uniform.png
[0.5416666666666666, 0.2816666666666667, 0.6066666666666667, 0.92, 0.5, 0.44166666666666665, 0.565, 0.5033333333333333, 0.6283333333333333, 0.47833333333333333, 0.5616666666666666, 0.0]
randomforestclassifier-0.5024-roc-2022-02-24-15-19-55-max_features_22___n_estimators_500.png
[0.47, 0.27666666666666667, 0.675, 0.47833333333333333, 0.2966666666666667, 0.4216666666666667, 0.36666666666666664, 0.14, 0.49, 0.685, 0.465, 0.025]
mlpclassifier-0.3992-roc-2022-02-24-15-19-55-alpha_0.001___learning_rate_constant.png
[0.2783333333333333, 0.285, 0.5016666666666667, 0.40166666666666667, 0.16666666666666666, 0.3616666666666667, 0.5, 0.5066666666666667, 0.5283333333333333, 0.5566666666666666, 0.5, 0.045]
svc-0.3860-roc-2022-02-24-15-19-55-c_0.5___gamma_0.01.png
| Model name             |   F1 score |   Accuracy |   Area under curve |
|------------------------|------------|------------|--------------------|
| RandomForestClassifier |   0.530038 |   0.502361 |           0.502361 |
| KNeighborsClassifier   |   0.483793 |   0.466389 |           0.466389 |
| SVC                    |   0.440617 |   0.385972 |           0.385972 |
| MLPClassifier          |   0.409977 |   0.399167 |           0.399167 | 

model-compare-2022-02-24-15-19-55-.png
