
Showing first 3 data points

   label    PE_FP1    PE_FP2     PE_F7     PE_F3     PE_FZ     PE_F4  \
0      0  0.209317  0.294891  0.133174  0.065747 -0.116481  0.063046   
1      0 -0.268841 -0.213876 -0.058541 -0.352989 -0.290602 -0.354629   
2      0 -0.264437 -0.213709 -0.321779 -0.352851 -0.421904 -0.354492   

      PE_F8    PE_FT7    PE_FC3    PE_FCZ    PE_FC4    PE_FT8     PE_T3  \
0  0.144465  0.042837  0.082721  0.420891  0.227948  0.088158  0.136125   
1 -0.337714 -0.366898 -0.339992 -0.137383 -0.182954 -0.339384 -0.303343   
2 -0.342027 -0.366763 -0.378028 -0.137199 -0.011468 -0.339243 -0.375393   

      PE_C3     PE_CZ     PE_C4     PE_T4    PE_TP7    PE_CP3    PE_CPZ  \
0  0.416069  0.104655  0.136119  0.033173  0.328224  0.347686 -0.136894   
1  0.423210 -0.345701 -0.197757 -0.283084 -0.062107 -0.198471 -0.476012   
2 -1.000000 -0.363715 -0.134606 -0.106922  0.011722 -0.181650 -0.475900   

     PE_CP4    PE_TP8     PE_T5     PE_P3     PE_PZ     PE_P4     PE_T6  \
0  0.394832  0.279941  0.215152  0.252928  0.191127  0.141195  0.315201   
1 -0.143573 -0.222953 -0.262286 -0.218506  0.197134 -0.294611  0.321833   
2 -0.102257 -0.222788 -0.262129 -0.209611 -1.000000 -0.297651 -1.000000   

      PE_O1     PE_OZ     PE_O2    AE_FP1    AE_FP2     AE_F7     AE_F3  \
0  0.316927  0.285303  0.022447 -0.808579 -0.818233 -0.331966 -0.877928   
1 -0.200499  0.177692 -0.201276 -0.914241 -1.000000  0.018674 -1.000000   
2 -0.200329 -0.169380 -0.197539 -0.904684 -1.000000 -0.602725 -1.000000   

      AE_FZ     AE_F4     AE_F8    AE_FT7    AE_FC3    AE_FCZ    AE_FC4  \
0 -0.434324 -0.865742 -0.793203 -0.864656 -0.842136 -0.865452 -0.680113   
1 -0.756925 -1.000000 -0.940302 -1.000000 -0.989955 -1.000000 -0.730288   
2 -0.244563 -1.000000 -0.909178 -1.000000 -0.990618 -1.000000 -0.467673   

     AE_FT8     AE_T3  AE_C3     AE_CZ  AE_C4     AE_T4  AE_TP7    AE_CP3  \
0 -0.883836 -0.757384   -1.0 -0.807262   -1.0 -0.682988    -1.0 -0.794331   
1 -1.000000 -0.880950   -1.0 -0.926055   -1.0 -0.766260    -1.0 -0.879568   
2 -1.000000 -0.902150   -1.0 -0.914366   -1.0 -0.239034    -1.0 -0.871744   

    AE_CPZ    AE_CP4  AE_TP8     AE_T5     AE_P3  AE_PZ     AE_P4  AE_T6  \
0 -0.87747 -0.841294 -0.7882 -0.831312 -0.802120   -1.0 -0.799284   -1.0   
1 -1.00000 -0.968076 -1.0000 -1.000000 -0.931855   -1.0 -0.930716   -1.0   
2 -1.00000 -0.942317 -1.0000 -1.000000 -0.885125   -1.0 -0.899810   -1.0   

      AE_O1     AE_OZ     AE_O2    SE_FP1    SE_FP2     SE_F7     SE_F3  \
0 -0.826178 -0.039363 -0.889491 -0.889045 -0.920694 -0.308622 -0.984095   
1 -1.000000  0.202309 -0.724839 -0.909646 -0.999915  0.101576 -0.999983   
2 -1.000000 -0.415087 -0.600305 -0.897000 -1.000000 -0.550666 -1.000000   

      SE_FZ     SE_F4     SE_F8    SE_FT7    SE_FC3    SE_FCZ    SE_FC4  \
0 -0.492818 -0.983125 -0.870097 -0.985708 -0.940062 -0.982379 -0.759595   
1 -0.760285 -0.999982 -0.911094 -0.999985 -0.989461 -0.999981 -0.716080   
2 -0.309052 -1.000000 -0.876258 -1.000000 -0.991416 -1.000000 -0.435750   

     SE_FT8     SE_T3     SE_C3     SE_CZ     SE_C4     SE_T4    SE_TP7  \
0 -0.984160 -0.851291 -0.053976 -0.876484  0.338971 -0.761619  0.366828   
1 -0.999983 -0.871398 -0.033118 -0.907736 -0.026618 -0.760927 -0.006367   
2 -1.000000 -0.886364  0.089685 -0.895759 -0.019311 -0.197367  0.001092   

     SE_CP3    SE_CPZ    SE_CP4    SE_TP8     SE_T5     SE_P3     SE_PZ  \
0 -0.861744 -0.983466 -0.930520 -0.903981 -0.983125 -0.874701 -0.066635   
1 -0.855408 -0.999982 -0.969193 -0.999897 -0.999982 -0.904902 -0.046056   
2 -0.849543 -1.000000 -0.940820 -1.000000 -1.000000 -0.855073  0.075103   

      SE_P4     SE_T6     SE_O1     SE_OZ     SE_O2    FE_FP1    FE_FP2  \
0 -0.893775  0.002400 -0.926767 -0.108438 -0.983982 -0.790515 -0.833978   
1 -0.918814  0.024500 -0.999921  0.191073 -0.953613 -0.867004 -0.992123   
2 -0.887035  0.154621 -1.000000 -0.407675 -0.940539 -0.837974 -0.989387   

      FE_F7     FE_F3     FE_FZ     FE_F4     FE_F8    FE_FT7    FE_FC3  \
0 -0.269197 -0.951489 -0.364782 -0.950259 -0.802027 -0.950334 -0.871162   
1 -0.025942 -0.997698 -0.689227 -0.997640 -0.903272 -0.997717 -0.984907   
2 -0.509737 -0.996899 -0.244243 -0.996820 -0.862758 -0.996897 -0.987042   

     FE_FCZ    FE_FC4    FE_FT8     FE_T3     FE_C3     FE_CZ     FE_C4  \
0 -0.956569 -0.611204 -0.946760 -0.768025  0.139995 -0.805766  0.086964   
1 -0.997939 -0.639186 -0.997553 -0.835034  0.061991 -0.893036 -0.201975   
2 -0.997224 -0.397028 -0.996674 -0.866714  0.189406 -0.881280 -0.137045   

      FE_T4    FE_TP7    FE_CP3    FE_CPZ    FE_CP4    FE_TP8     FE_T5  \
0 -0.626113  0.364284 -0.784005 -0.950380 -0.845336 -0.817313 -0.946274   
1 -0.680845  0.001608 -0.831525 -0.997646 -0.949303 -0.991332 -0.997530   
2 -0.227159  0.083108 -0.825706 -0.996828 -0.910393 -0.988322 -0.996644   

      FE_P3     FE_PZ     FE_P4     FE_T6     FE_O1     FE_OZ     FE_O2  \
0 -0.807386 -0.077408 -0.812991  0.137097 -0.831627 -0.086549 -0.958774   
1 -0.895272 -0.140533 -0.898464  0.059291 -0.992012  0.048274 -0.922727   
2 -0.830196 -0.037422 -0.850739  0.186383 -0.989237 -0.368149 -0.810525   

   user_id  
0        0  
1        0  
2        0  

Showing last 3 data points

      label    PE_FP1    PE_FP2     PE_F7     PE_F3     PE_FZ     PE_F4  \
7197      1 -0.223214 -0.213739 -0.186230 -0.352876 -0.117740  0.340319   
7198      1 -0.284287 -0.213903 -0.147141 -0.353011 -0.020959 -1.000000   
7199      1 -0.040386  0.145975  0.138400 -0.056817 -0.056981  0.363188   

         PE_F8    PE_FT7    PE_FC3  PE_FCZ    PE_FC4    PE_FT8     PE_T3  \
7197 -0.203473 -0.366787 -0.339246    -1.0  0.076242 -0.339268 -0.341430   
7198 -0.400705 -0.366919 -0.384937    -1.0  0.106912 -0.339406 -0.394465   
7199 -0.055777 -0.077092 -0.016836    -1.0 -0.015340 -0.036984  0.025526   

         PE_C3     PE_CZ     PE_C4     PE_T4    PE_TP7    PE_CP3    PE_CPZ  \
7197  0.508552 -0.319544 -0.429411 -0.356085 -0.332931 -0.172735 -0.475920   
7198 -1.000000 -0.309708 -0.429530 -0.376222 -0.333070 -0.221427 -0.476029   
7199  0.534292 -0.030288 -0.168367 -0.092728 -0.027747  0.168349 -0.236154   

        PE_CP4    PE_TP8     PE_T5     PE_P3     PE_PZ     PE_P4     PE_T6  \
7197 -0.125161 -0.222817 -0.262157 -0.261392 -0.388902 -0.095336 -0.325247   
7198 -0.110108 -0.222979 -0.262310 -0.244405 -0.389029 -0.263065 -0.325387   
7199  0.220032  0.132744  0.075406  0.092177 -0.109324  0.097621 -0.016547   

      PE_O1     PE_OZ     PE_O2    AE_FP1    AE_FP2     AE_F7     AE_F3  \
7197   -1.0 -1.000000 -0.375334 -0.778442 -1.000000 -0.851077 -1.000000   
7198   -1.0 -0.183648 -0.375464 -0.867975 -1.000000 -0.919369 -1.000000   
7199   -1.0  0.319819 -0.089375 -0.749407 -0.812148 -0.785192 -0.873842   

         AE_FZ  AE_F4     AE_F8    AE_FT7    AE_FC3  AE_FCZ    AE_FC4  \
7197 -0.181880   -1.0 -0.779134 -1.000000 -0.944886    -1.0  0.035771   
7198 -0.501131   -1.0 -0.879047 -1.000000 -0.945287    -1.0  0.140710   
7199 -0.551275   -1.0 -0.720695 -0.860125 -0.801797    -1.0 -0.185435   

        AE_FT8     AE_T3  AE_C3     AE_CZ     AE_C4     AE_T4    AE_TP7  \
7197 -1.000000 -0.725501   -1.0 -0.948305 -1.000000 -0.919672 -1.000000   
7198 -1.000000 -0.625056   -1.0 -0.974171 -1.000000 -0.916898 -1.000000   
7199 -0.879947 -0.503427   -1.0 -0.825036 -0.882299 -0.808887 -0.811821   

        AE_CP3    AE_CPZ    AE_CP4   AE_TP8     AE_T5     AE_P3     AE_PZ  \
7197 -0.948545 -1.000000 -0.898624 -1.00000 -1.000000 -0.821827 -1.000000   
7198 -0.974557 -1.000000 -0.932975 -1.00000 -1.000000 -0.792619 -1.000000   
7199 -0.815505 -0.873369 -0.805141 -0.78111 -0.825665 -0.655096 -0.886445   

         AE_P4     AE_T6  AE_O1     AE_OZ     AE_O2    SE_FP1    SE_FP2  \
7197 -0.438281 -1.000000   -1.0 -0.490055 -1.000000 -0.787633 -0.998639   
7198 -0.772286 -1.000000   -1.0 -0.435206 -1.000000 -0.861397 -0.999147   
7199 -0.573758 -0.874386   -1.0 -0.095616 -0.882968 -0.842920 -0.914610   

         SE_F7     SE_F3     SE_FZ     SE_F4     SE_F8    SE_FT7    SE_FC3  \
7197 -0.801912 -0.999727 -0.191722  0.390428 -0.749415 -0.999755 -0.943371   
7198 -0.885464 -0.999829 -0.480915  0.142457 -0.848518 -0.999846 -0.943275   
7199 -0.850602 -0.982875 -0.607965  0.196423 -0.785026 -0.984611 -0.908922   

      SE_FCZ    SE_FC4    SE_FT8     SE_T3     SE_C3     SE_CZ     SE_C4  \
7197    -1.0  0.017596 -0.999728 -0.728428  0.312229 -0.927428 -0.999722   
7198    -1.0  0.119035 -0.999830 -0.659794  0.078204 -0.961586 -0.999826   
7199    -1.0 -0.219724 -0.982945 -0.524702  0.129135 -0.916406 -0.982561   

         SE_T4    SE_TP7    SE_CP3    SE_CPZ    SE_CP4    SE_TP8     SE_T5  \
7197 -0.920833 -0.999716 -0.924950 -0.999716 -0.888649 -0.998352 -0.999710   
7198 -0.912992 -0.999822 -0.952669 -0.999822 -0.936012 -0.998967 -0.999818   
7199 -0.886241 -0.982198 -0.891622 -0.982198 -0.894915 -0.896615 -0.981830   

         SE_P3     SE_PZ     SE_P4     SE_T6  SE_O1     SE_OZ     SE_O2  \
7197 -0.810363 -0.999730 -0.440857 -0.999710   -1.0 -0.479562 -0.999723   
7198 -0.788642 -0.999831 -0.760399 -0.999818   -1.0 -0.461267 -0.999826   
7199 -0.688142 -0.983081 -0.654070 -0.981830   -1.0 -0.143913 -0.982628   

        FE_FP1    FE_FP2     FE_F7     FE_F3     FE_FZ     FE_F4     FE_F8  \
7197 -0.691763 -0.989384 -0.776283 -0.996898 -0.192326  0.337916 -0.675787   
7198 -0.780566 -0.992122 -0.895058 -0.997698 -0.423242  0.361806 -0.807771   
7199 -0.698885 -0.819061 -0.769125 -0.947131 -0.465533  0.360738 -0.675169   

        FE_FT7    FE_FC3  FE_FCZ    FE_FC4    FE_FT8     FE_T3     FE_C3  \
7197 -0.996896 -0.905560    -1.0 -0.040202 -0.996673 -0.643091  0.334628   
7198 -0.997717 -0.923651    -1.0  0.031421 -0.997552 -0.543226  0.358461   
7199 -0.945865 -0.808558    -1.0 -0.186674 -0.941969 -0.424668  0.357395   

         FE_CZ     FE_C4     FE_T4    FE_TP7    FE_CP3    FE_CPZ    FE_CP4  \
7197 -0.918163 -0.997472 -0.871182 -0.996904 -0.935161 -0.996827 -0.846636   
7198 -0.970555 -0.998124 -0.868918 -0.997722 -0.973332 -0.997645 -0.911805   
7199 -0.832854 -0.956915 -0.801123 -0.945997 -0.830341 -0.945922 -0.794786   

        FE_TP8     FE_T5     FE_P3     FE_PZ     FE_P4     FE_T6  FE_O1  \
7197 -0.988319 -0.996643 -0.754175 -0.997432 -0.409622 -0.996912   -1.0   
7198 -0.991331 -0.997530 -0.705023 -0.998095 -0.692108 -0.997728   -1.0   
7199 -0.800899 -0.941440 -0.578164 -0.956236 -0.525546 -0.946134   -1.0   

         FE_OZ     FE_O2  user_id  
7197 -0.413888 -0.997353       11  
7198 -0.386990 -0.998036       11  
7199 -0.126120 -0.954907       11  

Showing 3 radnom data points

      label    PE_FP1    PE_FP2     PE_F7     PE_F3     PE_FZ     PE_F4  \
5528      0  0.094122 -1.000000  0.039857 -1.000000  0.088374 -1.000000   
2306      1  0.411651 -1.000000 -0.490423 -1.000000 -0.615599 -1.000000   
3296      0  0.287359 -0.213517  0.607496 -0.352692 -0.102802 -0.354333   

         PE_F8    PE_FT7    PE_FC3    PE_FCZ    PE_FC4    PE_FT8     PE_T3  \
5528  0.120238 -1.000000  0.062177 -1.000000 -0.323006  0.338125  0.384534   
2306 -0.017550 -1.000000 -0.415733 -1.000000  0.094363  0.407098 -0.218457   
3296 -0.373363 -0.366608 -0.397846 -0.136988  0.427944 -0.339081  0.282430   

         PE_C3     PE_CZ     PE_C4     PE_T4    PE_TP7    PE_CP3    PE_CPZ  \
5528 -1.000000 -0.065189 -0.435657  0.103113 -1.000000 -0.173897  0.061376   
2306 -1.000000 -0.233530 -1.000000 -0.356872 -1.000000  0.088602 -1.000000   
3296 -0.273292 -0.234165 -0.429249 -0.349458 -0.332742  0.715859 -0.107321   

        PE_CP4    PE_TP8     PE_T5     PE_P3     PE_PZ     PE_P4     PE_T6  \
5528  0.022867 -1.000000 -1.000000  0.174652 -1.000000  0.203674 -1.000000   
2306 -0.022334 -1.000000 -1.000000  0.119732 -1.000000 -0.049677 -1.000000   
3296 -0.148377 -0.222597 -0.261948 -0.222716 -0.388729  0.371764 -0.325056   

         PE_O1     PE_OZ     PE_O2    AE_FP1    AE_FP2     AE_F7     AE_F3  \
5528 -1.000000  0.221536 -1.000000  0.568121 -0.999998 -0.449147 -0.999999   
2306 -1.000000  0.016707 -1.000000  0.510775 -0.999998 -0.602931 -0.999999   
3296 -0.200133  0.181867 -0.375157  0.432501 -1.000000  0.679988 -1.000000   

         AE_FZ     AE_F4     AE_F8    AE_FT7    AE_FC3    AE_FCZ    AE_FC4  \
5528  0.156999 -1.000000 -0.243718 -0.999999  0.112372 -1.000000  0.523896   
2306 -0.729155 -0.999999  0.468977 -0.999999 -0.428381 -0.999999  0.087178   
3296  0.015960 -1.000000 -0.780341 -1.000000 -0.841180 -1.000000  0.446963   

        AE_FT8     AE_T3     AE_C3     AE_CZ     AE_C4     AE_T4    AE_TP7  \
5528 -1.000000 -0.663974 -0.999999  0.474528 -0.985988  0.179763 -0.999998   
2306  0.006567 -0.002702 -0.999999 -0.200894 -0.999999 -0.217388 -0.999998   
3296 -1.000000  0.490082 -1.000000 -0.599048 -1.000000 -0.816011 -1.000000   

        AE_CP3    AE_CPZ    AE_CP4    AE_TP8     AE_T5     AE_P3     AE_PZ  \
5528  0.529435 -1.000000  0.578566 -1.000000 -0.999998  0.511577 -1.000000   
2306 -0.013105 -0.999999  0.388425 -0.999998 -0.999998  0.430074 -0.999999   
3296  0.904059 -0.048036 -0.822005 -1.000000 -1.000000 -0.856143 -1.000000   

         AE_P4     AE_T6     AE_O1     AE_OZ     AE_O2    SE_FP1    SE_FP2  \
5528  0.417540 -0.999999 -0.999998  0.373394 -0.999999  0.527487 -1.000000   
2306  0.070534 -0.999999 -0.999998  0.157105 -0.999999  0.492670 -1.000000   
3296  0.505558 -1.000000 -1.000000 -0.139461 -1.000000  0.231033 -0.997803   

         SE_F7     SE_F3     SE_FZ     SE_F4     SE_F8    SE_FT7    SE_FC3  \
5528 -0.435366 -1.000000  0.098208 -1.000000 -0.225851 -1.000000  0.001541   
2306 -0.578440 -1.000000 -0.754380 -1.000000  0.432208 -1.000000 -0.437889   
3296  0.629474 -0.999559 -0.048240 -0.999515 -0.765166 -0.999604 -0.834432   

        SE_FCZ    SE_FC4    SE_FT8     SE_T3     SE_C3     SE_CZ     SE_C4  \
5528 -1.000000  0.663339  0.102158 -0.885209 -1.000000  0.540204 -0.993249   
2306 -1.000000  0.040717 -0.751118  0.014858 -1.000000 -0.250074 -1.000000   
3296 -0.999512  0.351571 -0.999561  0.433088 -0.999559 -0.579819 -0.999551   

         SE_T4    SE_TP7    SE_CP3    SE_CPZ    SE_CP4   SE_TP8     SE_T5  \
5528  0.172164 -1.000000  0.614264  0.150425  0.679603 -1.00000 -1.000000   
2306 -0.223622 -1.000000 -0.175446 -1.000000  0.463120 -1.00000 -1.000000   
3296 -0.821727 -0.999542  0.790792 -0.715559 -0.817340 -0.99734 -0.999533   

         SE_P3     SE_PZ     SE_P4     SE_T6     SE_O1     SE_OZ     SE_O2  \
5528  0.541294  0.882916  0.378785 -1.000000 -1.000000  0.350619 -1.000000   
2306  0.390278 -1.000000 -0.086803 -1.000000 -1.000000  0.056620 -1.000000   
3296 -0.829254 -0.999565  0.405822 -0.999533 -0.997971 -0.147471 -0.999553   

        FE_FP1    FE_FP2     FE_F7     FE_F3     FE_FZ     FE_F4     FE_F8  \
5528  0.519638 -0.999743 -0.337035 -0.999925  0.100621 -1.000000 -0.095273   
2306  0.421189 -0.999743 -0.507352 -0.999925 -0.650110 -0.999923  0.425094   
3296  0.244263 -0.984360  0.538616 -0.995432 -0.075125 -0.995307 -0.684749   

        FE_FT7    FE_FC3    FE_FCZ    FE_FC4    FE_FT8     FE_T3     FE_C3  \
5528 -1.000000  0.046158 -1.000000  0.582676  0.277908 -0.536943 -1.000000   
2306 -1.000000 -0.343270 -0.999933 -0.028817 -0.454888 -0.031414 -1.000000   
3296 -0.995391 -0.766953 -0.995909  0.260151 -0.995059  0.310029 -0.995402   

         FE_CZ     FE_C4     FE_T4    FE_TP7    FE_CP3    FE_CPZ    FE_CP4  \
5528  0.301154 -0.987892  0.056540 -1.000000  0.572134  0.189246  0.439122   
2306 -0.224093 -0.999939 -0.222496 -1.000000 -0.075741 -0.999923  0.239231   
3296 -0.504227 -0.996276 -0.733052 -0.995402  0.764459 -0.631338 -0.753269   

        FE_TP8     FE_T5     FE_P3     FE_PZ     FE_P4     FE_T6     FE_O1  \
5528 -1.000000 -1.000000  0.335809  0.909074  0.356856 -1.000000 -0.999740   
2306 -0.999717 -1.000000  0.247096 -0.999938 -0.082325 -1.000000 -0.999740   
3296 -0.982791 -0.995014 -0.782105 -0.996217  0.318696 -0.995414 -0.984139   

         FE_OZ     FE_O2  user_id  
5528  0.236090 -0.999936        9  
2306  0.058720 -0.999936        3  
3296 -0.169139 -0.996103        5  
             label       PE_FP1       PE_FP2        PE_F7        PE_F3  \
count  7200.000000  7200.000000  7200.000000  7200.000000  7200.000000   
mean      0.500000     0.089403    -0.903883     0.098153    -0.724004   
std       0.500035     0.314508     0.276742     0.368863     0.453024   
min       0.000000    -1.000000    -1.000000    -1.000000    -1.000000   
25%       0.000000    -0.088150    -1.000000    -0.167985    -1.000000   
50%       0.500000     0.147971    -1.000000     0.160845    -1.000000   
75%       1.000000     0.335433    -1.000000     0.399038    -0.354412   
max       1.000000     1.000000     1.000000     1.000000     1.000000   

             PE_FZ        PE_F4        PE_F8       PE_FT7       PE_FC3  \
count  7200.000000  7200.000000  7200.000000  7200.000000  7200.000000   
mean     -0.022082    -0.690965    -0.025598    -0.729406    -0.097114   
std       0.340669     0.484015     0.310877     0.472049     0.308131   
min      -1.000000    -1.000000    -1.000000    -1.000000    -1.000000   
25%      -0.271564    -1.000000    -0.263067    -1.000000    -0.309987   
50%       0.020586    -1.000000     0.033686    -1.000000    -0.055816   
75%       0.265769    -0.354550     0.239478    -0.383018     0.158110   
max       1.000000     1.000000     1.000000     1.000000     1.000000   

            PE_FCZ       PE_FC4       PE_FT8        PE_T3        PE_C3  \
count  7200.000000  7200.000000  7200.000000  7200.000000  7200.000000   
mean     -0.924696     0.148152    -0.600483    -0.066180    -0.606158   
std       0.268298     0.307142     0.561895     0.270577     0.598869   
min      -1.000000    -1.000000    -1.000000    -1.000000    -1.000000   
25%      -1.000000    -0.027695    -1.000000    -0.242692    -1.000000   
50%      -1.000000     0.201236    -1.000000    -0.068700    -1.000000   
75%      -1.000000     0.378194    -0.286493     0.156373    -0.271550   
max       1.000000     1.000000     1.000000     1.000000     1.000000   

             PE_CZ        PE_C4        PE_T4       PE_TP7       PE_CP3  \
count  7200.000000  7200.000000  7200.000000  7200.000000  7200.000000   
mean     -0.028645    -0.724710    -0.061594    -0.823659     0.209495   
std       0.272728     0.447546     0.279114     0.371404     0.437210   
min      -1.000000    -1.000000    -1.000000    -1.000000    -1.000000   
25%      -0.219447    -1.000000    -0.245274    -1.000000    -0.082345   
50%       0.015994    -1.000000    -0.040179    -1.000000     0.361094   
75%       0.188076    -0.429511     0.165045    -1.000000     0.563021   
max       1.000000     1.000000     1.000000     1.000000     1.000000   

            PE_CPZ       PE_CP4       PE_TP8        PE_T5        PE_P3  \
count  7200.000000  7200.000000  7200.000000  7200.000000  7200.000000   
mean     -0.591846     0.177933    -0.906166    -0.796502     0.178529   
std       0.464045     0.327679     0.279545     0.422467     0.377468   
min      -1.000000    -1.000000    -1.000000    -1.000000    -1.000000   
25%      -1.000000    -0.021287    -1.000000    -1.000000    -0.087104   
50%      -1.000000     0.209053    -1.000000    -1.000000     0.288900   
75%      -0.085214     0.404212    -1.000000    -1.000000     0.479057   
max       1.000000     1.000000     1.000000     1.000000     1.000000   

             PE_PZ        PE_P4        PE_T6        PE_O1        PE_OZ  \
count  7200.000000  7200.000000  7200.000000  7200.000000  7200.000000   
mean     -0.644491     0.093866    -0.673054    -0.905393     0.117906   
std       0.514472     0.356594     0.537537     0.288788     0.295022   
min      -1.000000    -1.000000    -1.000000    -1.000000    -1.000000   
25%      -1.000000    -0.123955    -1.000000    -1.000000    -0.064201   
50%      -1.000000     0.243519    -1.000000    -1.000000     0.165411   
75%      -0.383134     0.366096    -0.325448    -1.000000     0.342415   
max       1.000000     1.000000     1.000000     1.000000     1.000000   

             PE_O2       AE_FP1       AE_FP2        AE_F7        AE_F3  \
count  7200.000000  7200.000000  7200.000000  7200.000000  7200.000000   
mean     -0.887876     0.382537    -0.991618     0.161044    -0.943686   
std       0.292887     0.400891     0.084683     0.506044     0.192243   
min      -1.000000    -1.000000    -1.000000    -1.000000    -1.000000   
25%      -1.000000     0.258750    -0.999998    -0.219654    -0.999999   
50%      -1.000000     0.505133    -0.999998     0.316333    -0.999999   
75%      -1.000000     0.649412    -0.999998     0.575626    -0.999999   
max       1.000000     1.000000     1.000000     1.000000     1.000000   

             AE_FZ        AE_F4        AE_F8       AE_FT7       AE_FC3  \
count  7200.000000  7200.000000  7200.000000  7200.000000  7200.000000   
mean      0.051480    -0.978143     0.252516    -0.974698     0.056394   
std       0.548749     0.117843     0.448807     0.133236     0.466519   
min      -1.000000    -1.000000    -1.000000    -1.000000    -1.000000   
25%      -0.461278    -1.000000    -0.010778    -0.999999    -0.298794   
50%       0.208025    -0.999999     0.366777    -0.999999     0.158620   
75%       0.524897    -0.999999     0.603764    -0.999999     0.429615   
max       1.000000     1.000000     1.000000     1.000000     1.000000   

            AE_FCZ       AE_FC4       AE_FT8        AE_T3        AE_C3  \
count  7200.000000  7200.000000  7200.000000  7200.000000  7200.000000   
mean     -0.997004     0.228916    -0.952754     0.208386    -0.987224   
std       0.051110     0.424040     0.193758     0.441383     0.099077   
min      -1.000000    -1.000000    -1.000000    -1.000000    -1.000000   
25%      -1.000000    -0.034682    -1.000000    -0.102325    -1.000000   
50%      -0.999999     0.341791    -0.999999     0.340400    -0.999999   
75%      -0.999999     0.565051    -0.999999     0.567939    -0.999999   
max       1.000000     1.000000     1.000000     1.000000     1.000000   

             AE_CZ        AE_C4        AE_T4       AE_TP7       AE_CP3  \
count  7200.000000  7200.000000  7200.000000  7200.000000  7200.000000   
mean      0.185678    -0.966511     0.061576    -0.977692     0.418968   
std       0.439499     0.159037     0.468370     0.136748     0.368213   
min      -1.000000    -1.000000    -1.000000    -1.000000    -1.000000   
25%      -0.089822    -0.999999    -0.313848    -0.999998     0.261693   
50%       0.313495    -0.999999     0.117497    -0.999998     0.514923   
75%       0.528864    -0.999999     0.474578    -0.999998     0.675187   
max       1.000000     1.000000     1.000000     1.000000     1.000000   

            AE_CPZ       AE_CP4       AE_TP8        AE_T5        AE_P3  \
count  7200.000000  7200.000000  7200.000000  7200.000000  7200.000000   
mean     -0.821106     0.163621    -0.987427    -0.963995     0.440993   
std       0.342030     0.419997     0.107839     0.205032     0.410732   
min      -1.000000    -1.000000    -1.000000    -1.000000    -1.000000   
25%      -1.000000    -0.122875    -0.999998    -0.999998     0.316398   
50%      -0.999999     0.249351    -0.999998    -0.999998     0.558158   
75%      -0.948902     0.507931    -0.999998    -0.999998     0.728944   
max       1.000000     1.000000     1.000000     1.000000     1.000000   

             AE_PZ        AE_P4        AE_T6        AE_O1        AE_OZ  \
count  7200.000000  7200.000000  7200.000000  7200.000000  7200.000000   
mean     -0.954330     0.386445    -0.977351    -0.988698     0.137860   
std       0.196554     0.427870     0.140116     0.103788     0.399054   
min      -1.000000    -1.000000    -1.000000    -1.000000    -1.000000   
25%      -1.000000     0.210207    -1.000000    -0.999998    -0.102119   
50%      -0.999999     0.501736    -0.999999    -0.999998     0.220369   
75%      -0.999999     0.707083    -0.999999    -0.999998     0.442102   
max       1.000000     1.000000     1.000000     1.000000     1.000000   

             AE_O2       SE_FP1       SE_FP2        SE_F7        SE_F3  \
count  7200.000000  7200.000000  7200.000000  7200.000000  7200.000000   
mean     -0.982123     0.320818    -0.995078     0.141595    -0.929557   
std       0.104293     0.410920     0.057878     0.526868     0.272361   
min      -1.000000    -1.000000    -1.000000    -1.000000    -1.000000   
25%      -0.999999     0.161574    -1.000000    -0.274073    -1.000000   
50%      -0.999999     0.432342    -1.000000     0.293513    -1.000000   
75%      -0.999999     0.616301    -1.000000     0.578198    -0.999367   
max       1.000000     1.000000     1.000000     1.000000     1.000000   

             SE_FZ        SE_F4        SE_F8       SE_FT7       SE_FC3  \
count  7200.000000  7200.000000  7200.000000  7200.000000  7200.000000   
mean      0.004008    -0.832551     0.244380    -0.856190     0.019701   
std       0.544006     0.433595     0.467117     0.369392     0.469338   
min      -1.000000    -1.000000    -1.000000    -1.000000    -1.000000   
25%      -0.511749    -1.000000    -0.055342    -1.000000    -0.340685   
50%       0.128130    -1.000000     0.359671    -1.000000     0.111456   
75%       0.471885    -0.999146     0.621266    -0.999755     0.389608   
max       1.000000     1.000000     1.000000     1.000000     1.000000   

            SE_FCZ       SE_FC4       SE_FT8        SE_T3        SE_C3  \
count  7200.000000  7200.000000  7200.000000  7200.000000  7200.000000   
mean     -0.993995     0.178879    -0.766001     0.175285    -0.736315   
std       0.073994     0.441606     0.473264     0.462400     0.498118   
min      -1.000000    -1.000000    -1.000000    -1.000000    -1.000000   
25%      -1.000000    -0.103664    -1.000000    -0.155853    -1.000000   
50%      -1.000000     0.273192    -1.000000     0.268974    -1.000000   
75%      -1.000000     0.538907    -0.974655     0.571447    -0.990267   
max       1.000000     1.000000     1.000000     1.000000     1.000000   

             SE_CZ        SE_C4        SE_T4       SE_TP7       SE_CP3  \
count  7200.000000  7200.000000  7200.000000  7200.000000  7200.000000   
mean      0.129161    -0.829486     0.005131    -0.949225     0.359313   
std       0.447402     0.422874     0.467275     0.235461     0.361959   
min      -1.000000    -1.000000    -1.000000    -1.000000    -1.000000   
25%      -0.154575    -1.000000    -0.370904    -1.000000     0.207928   
50%       0.236417    -1.000000     0.045690    -1.000000     0.442475   
75%       0.481916    -0.998536     0.412970    -1.000000     0.616315   
max       1.000000     1.000000     1.000000     1.000000     1.000000   

            SE_CPZ       SE_CP4       SE_TP8        SE_T5        SE_P3  \
count  7200.000000  7200.000000  7200.000000  7200.000000  7200.000000   
mean     -0.751062     0.134400    -0.992877    -0.940204     0.373400   
std       0.458538     0.434287     0.069416     0.261013     0.423969   
min      -1.000000    -1.000000    -1.000000    -1.000000    -1.000000   
25%      -1.000000    -0.169108    -1.000000    -1.000000     0.233384   
50%      -1.000000     0.190891    -1.000000    -1.000000     0.520637   
75%      -0.789765     0.501633    -1.000000    -1.000000     0.664300   
max       1.000000     1.000000     1.000000     1.000000     1.000000   

             SE_PZ        SE_P4        SE_T6        SE_O1        SE_OZ  \
count  7200.000000  7200.000000  7200.000000  7200.000000  7200.000000   
mean     -0.775052     0.304282    -0.773496    -0.992983     0.064219   
std       0.464777     0.435462     0.488708     0.072820     0.386346   
min      -1.000000    -1.000000    -1.000000    -1.000000    -1.000000   
25%      -1.000000     0.115614    -1.000000    -1.000000    -0.169957   
50%      -1.000000     0.440199    -1.000000    -1.000000     0.130315   
75%      -0.985944     0.619747    -0.999290    -1.000000     0.355863   
max       1.000000     1.000000     1.000000     1.000000     1.000000   

             SE_O2       FE_FP1       FE_FP2        FE_F7        FE_F3  \
count  7200.000000  7200.000000  7200.000000  7200.000000  7200.000000   
mean     -0.985333     0.324707    -0.973953     0.136122    -0.899010   
std       0.144545     0.362334     0.111109     0.452779     0.297099   
min      -1.000000    -1.000000    -1.000000    -1.000000    -1.000000   
25%      -1.000000     0.177852    -0.999743    -0.171009    -0.999925   
50%      -1.000000     0.399202    -0.999743     0.229434    -0.999925   
75%      -1.000000     0.581089    -0.999743     0.497911    -0.966707   
max       1.000000     1.000000     1.000000     1.000000     1.000000   

             FE_FZ        FE_F4        FE_F8       FE_FT7       FE_FC3  \
count  7200.000000  7200.000000  7200.000000  7200.000000  7200.000000   
mean     -0.002753    -0.808620     0.238154    -0.809170     0.026844   
std       0.470501     0.449074     0.407088     0.456777     0.395463   
min      -1.000000    -1.000000    -1.000000    -1.000000    -1.000000   
25%      -0.393855    -0.999923    -0.009219    -1.000000    -0.234987   
50%       0.104675    -0.999923     0.298685    -1.000000     0.087246   
75%       0.376446    -0.945790     0.567008    -0.982369     0.319159   
max       1.000000     1.000000     1.000000     1.000000     1.000000   

            FE_FCZ       FE_FC4       FE_FT8        FE_T3        FE_C3  \
count  7200.000000  7200.000000  7200.000000  7200.000000  7200.000000   
mean     -0.990939     0.132618    -0.702048     0.160611    -0.697604   
std       0.078643     0.346174     0.556180     0.386451     0.552640   
min      -1.000000    -1.000000    -1.000000    -1.000000    -1.000000   
25%      -0.999933    -0.076363    -1.000000    -0.100562    -1.000000   
50%      -0.999933     0.193996    -1.000000     0.221758    -1.000000   
75%      -0.999933     0.400464    -0.848543     0.465731    -0.893947   
max       1.000000     1.000000     1.000000     1.000000     1.000000   

             FE_CZ        FE_C4        FE_T4       FE_TP7       FE_CP3  \
count  7200.000000  7200.000000  7200.000000  7200.000000  7200.000000   
mean      0.108346    -0.836618    -0.010470    -0.933682     0.358489   
std       0.364836     0.373324     0.373709     0.254427     0.331231   
min      -1.000000    -1.000000    -1.000000    -1.000000    -1.000000   
25%      -0.102490    -0.999939    -0.285386    -1.000000     0.205952   
50%       0.187310    -0.999939     0.017754    -1.000000     0.430380   
75%       0.379931    -0.965974     0.296047    -0.999842     0.601936   
max       1.000000     1.000000     1.000000     1.000000     1.000000   

            FE_CPZ       FE_CP4       FE_TP8        FE_T5        FE_P3  \
count  7200.000000  7200.000000  7200.000000  7200.000000  7200.000000   
mean     -0.686518     0.083749    -0.970908    -0.918479     0.332845   
std       0.486821     0.347910     0.125191     0.296989     0.362547   
min      -1.000000    -1.000000    -1.000000    -1.000000    -1.000000   
25%      -0.999923    -0.144766    -0.999717    -1.000000     0.166007   
50%      -0.998134     0.119991    -0.999717    -1.000000     0.438100   
75%      -0.585604     0.355587    -0.999717    -0.999828     0.595382   
max       1.000000     1.000000     1.000000     1.000000     1.000000   

             FE_PZ        FE_P4        FE_T6        FE_O1        FE_OZ  \
count  7200.000000  7200.000000  7200.000000  7200.000000  7200.000000   
mean     -0.779727     0.285013    -0.753079    -0.972363     0.046798   
std       0.424517     0.371594     0.511292     0.131415     0.320503   
min      -1.000000    -1.000000    -1.000000    -1.000000    -1.000000   
25%      -0.999938     0.099338    -1.000000    -0.999740    -0.132894   
50%      -0.999938     0.372477    -1.000000    -0.999740     0.094102   
75%      -0.900736     0.574105    -0.957479    -0.999740     0.271222   
max       1.000000     1.000000     1.000000     1.000000     1.000000   

             FE_O2      user_id  
count  7200.000000  7200.000000  
mean     -0.976073     5.500000  
std       0.152111     3.452292  
min      -1.000000     0.000000  
25%      -0.999936     2.750000  
50%      -0.999936     5.500000  
75%      -0.999936     8.250000  
max       1.000000    11.000000  
