
Showing first 3 data points

   label    PE_FP1    PE_FP2     PE_F7     PE_F3     PE_FZ     PE_F4  \
0      0  3.961420  3.869020  3.447265  3.869020  2.965056  3.869020   
1      0  2.395096  2.348868  2.864041  2.348868  2.380710  2.348868   
2      0  2.409520  2.349367  2.063236  2.349367  1.940066  2.349367   

      PE_F8    PE_FT7    PE_FC3    PE_FCZ    PE_FC4    PE_FT8     PE_T3  \
0  4.084357  3.869020  3.907411  3.869020  3.835337  3.869020  4.049251   
1  2.363563  2.348868  2.381889  2.348868  2.551940  2.348868  2.482948   
2  2.348168  2.349367  2.244622  2.349367  3.087554  2.349367  2.226157   

      PE_C3     PE_CZ     PE_C4     PE_T4    PE_TP7    PE_CP3    PE_CPZ  \
0  4.579115  3.961217  4.677728  3.726928  4.677728  3.972553  3.869020   
1  4.602206  2.346271  3.303064  2.586105  3.303064  2.362654  2.348868   
2       NaN  2.281675  3.563074  3.221566  3.563074  2.412236  2.349367   

     PE_CP4    PE_TP8     PE_T5     PE_P3     PE_PZ     PE_P4     PE_T6  \
0  3.858782  3.869020  3.869020  3.874240  4.579115  3.954728  4.579115   
1  2.369292  2.348868  2.348868  2.416497  4.602206  2.444475  4.602206   
2  2.483591  2.349367  2.349367  2.444002       NaN  2.433939       NaN   

      PE_O1     PE_OZ     PE_O2    AE_FP1    AE_FP2     AE_F7     AE_F3  \
0  3.869020  3.996584  3.845272  0.063924  0.045831  0.202303  0.045831   
1  2.348868  3.661973  3.003880  0.033321 -0.000865  0.303089 -0.000865   
2  2.349367  2.582771  3.017937  0.036088 -0.000824  0.124477 -0.000824   

      AE_FZ     AE_F4     AE_F8    AE_FT7    AE_FC3    AE_FCZ    AE_FC4  \
0  0.170526  0.045831  0.069745  0.045831  0.053162  0.045831  0.102879   
1  0.077651 -0.000865  0.026591 -0.000865  0.007782 -0.000865  0.088010   
2  0.225158 -0.000824  0.035722 -0.000824  0.007578 -0.000824  0.165834   

     AE_FT8     AE_T3  AE_C3     AE_CZ  AE_C4     AE_T4  AE_TP7    AE_CP3  \
0  0.045831  0.076118    0.0  0.067313    0.0  0.100893     0.0  0.072179   
1 -0.000865  0.039930    0.0  0.032941    0.0  0.076046     0.0  0.047490   
2 -0.000824  0.033721    0.0  0.036323    0.0  0.233361     0.0  0.049756   

     AE_CPZ    AE_CP4    AE_TP8     AE_T5     AE_P3  AE_PZ     AE_P4  AE_T6  \
0  0.045831  0.053027  0.045831  0.045831  0.069644    0.0  0.068420    0.0   
1 -0.000865  0.015410 -0.000865 -0.000865  0.032101    0.0  0.029616    0.0   
2 -0.000824  0.023052 -0.000824 -0.000824  0.045624    0.0  0.038741    0.0   

      AE_O1     AE_OZ     AE_O2    SE_FP1    SE_FP2     SE_F7     SE_F3  \
0  0.045831  0.291480  0.044707  0.039137  0.016763  0.188542  0.016763   
1 -0.000865  0.362996  0.111318  0.033485  0.000018  0.299054  0.000018   
2 -0.000824  0.180294  0.161699  0.036954 -0.000000  0.123332 -0.000000   

      SE_FZ     SE_F4     SE_F8    SE_FT7    SE_FC3    SE_FCZ    SE_FC4  \
0  0.141680  0.016763  0.037756  0.016763  0.022793  0.016763  0.072273   
1  0.068765  0.000018  0.026670  0.000018  0.008659  0.000018  0.084320   
2  0.191777 -0.000000  0.036090 -0.000000  0.008099 -0.000000  0.161931   

     SE_FT8     SE_T3     SE_C3     SE_CZ     SE_C4     SE_T4    SE_TP7  \
0  0.016763  0.043264  0.995718  0.041885  1.385775  0.073456  1.385775   
1  0.000018  0.037701  1.017672  0.033306  1.007406  0.073650  1.007406   
2 -0.000000  0.033560  1.146925  0.036593  1.014969  0.231675  1.014969   

     SE_CP3    SE_CPZ    SE_CP4    SE_TP8     SE_T5     SE_P3     SE_PZ  \
0  0.045717  0.016763  0.025984  0.016763  0.016763  0.040418  0.995718   
1  0.047484  0.000018  0.015234  0.000018  0.000018  0.031987  1.017672   
2  0.049121 -0.000000  0.023121 -0.000000 -0.000000  0.045898  1.146925   

      SE_P4     SE_T6     SE_O1     SE_OZ     SE_O2    FE_FP1    FE_FP2  \
0  0.036359  0.995718  0.016763  0.259215  0.016624  0.049006  0.028358   
1  0.029318  1.017672  0.000018  0.344305  0.048145  0.034852  0.001345   
2  0.038254  1.146925 -0.000000  0.174204  0.061713  0.040224  0.001813   

      FE_F7     FE_F3     FE_FZ     FE_F4     FE_F8    FE_FT7    FE_FC3  \
0  0.146359  0.028358  0.131647  0.028358  0.048328  0.028358  0.033537   
1  0.189274  0.001345  0.072399  0.001345  0.029891  0.001345  0.010492   
2  0.103923  0.001813  0.153659  0.001813  0.037269  0.001813  0.010060   

     FE_FCZ    FE_FC4    FE_FT8     FE_T3     FE_C3     FE_CZ     FE_C4  \
0  0.028358  0.085240  0.028358  0.054888  0.651534  0.051363  0.779713   
1  0.001345  0.079835  0.001345  0.042767  0.606956  0.035248  0.572448   
2  0.001813  0.126611  0.001813  0.037036  0.679772  0.037419  0.619024   

      FE_T4    FE_TP7    FE_CP3    FE_CPZ    FE_CP4    FE_TP8     FE_T5  \
0  0.083022  0.779713  0.056958  0.028358  0.039734  0.028358  0.028358   
1  0.072217  0.572448  0.048163  0.001345  0.019357  0.001345  0.001345   
2  0.161779  0.619024  0.049240  0.001813  0.026983  0.001813  0.001813   

      FE_P3     FE_PZ     FE_P4     FE_T6     FE_O1     FE_OZ     FE_O2  
0  0.051632  0.651534  0.048803  0.651534  0.028358  0.187538  0.028259  
1  0.035058  0.606956  0.032070  0.606956  0.001345  0.213650  0.052968  
2  0.047330  0.679772  0.041413  0.679772  0.001813  0.133000  0.129877  

Showing last 3 data points

      label    PE_FP1    PE_FP2     PE_F7     PE_F3     PE_FZ     PE_F4  \
7197      1  2.544558  2.349278  2.475595  2.349278  2.960828  4.878175   
7198      1  2.344497  2.348789  2.594510  2.348789  3.285623       NaN   
7199      1  3.143457  3.424072  3.463161  3.424072  3.164734  4.961409   

         PE_F8    PE_FT7    PE_FC3  PE_FCZ    PE_FC4    PE_FT8     PE_T3  \
7197  2.842640  2.349278  2.384583     NaN  3.361504  2.349278  2.347203   
7198  2.138760  2.348789  2.219688     NaN  3.457296  2.348789  2.158183   
7199  3.369734  3.424072  3.548121     NaN  3.075457  3.424072  3.655069   

         PE_C3     PE_CZ     PE_C4     PE_T4    PE_TP7    PE_CP3    PE_CPZ  \
7197  4.878175  2.440067  2.349278  2.322773  2.349278  2.438515  2.349278   
7198       NaN  2.475338  2.348789  2.250133  2.348789  2.294988  2.348789   
7199  4.961409  3.477322  3.424072  3.272770  3.424072  3.443924  3.424072   

        PE_CP4    PE_TP8     PE_T5     PE_P3     PE_PZ     PE_P4     PE_T6  \
7197  2.420229  2.349278  2.349278  2.283886  2.349278  3.135047  2.349278   
7198  2.461873  2.348789  2.348789  2.336413  2.348789  2.553795  2.348789   
7199  3.375199  3.424072  3.424072  3.377176  3.424072  3.803725  3.424072   

      PE_O1     PE_OZ     PE_O2    AE_FP1    AE_FP2     AE_F7     AE_F3  \
7197    NaN       NaN  2.349276  0.072653 -0.000824  0.053092 -0.000824   
7198    NaN  2.538403  2.348785  0.046721 -0.000865  0.033462 -0.000865   
7199    NaN  4.103910  3.424726  0.081062  0.047365  0.072030  0.047365   

         AE_FZ  AE_F4     AE_F8    AE_FT7    AE_FC3  AE_FCZ    AE_FC4  \
7197  0.243204    0.0  0.073872 -0.000824  0.021618     0.0  0.315025   
7198  0.151293    0.0  0.044561 -0.000865  0.021495     0.0  0.346123   
7199  0.136857    0.0  0.091017  0.047365  0.065546     0.0  0.249473   

        AE_FT8     AE_T3  AE_C3     AE_CZ     AE_C4     AE_T4    AE_TP7  \
7197 -0.000824  0.085455    0.0  0.026503 -0.000824  0.030270 -0.000824   
7198 -0.000865  0.114872    0.0  0.019018 -0.000865  0.031098 -0.000865   
7199  0.047365  0.150493    0.0  0.062170  0.047365  0.063326  0.047365   

        AE_CP3    AE_CPZ    AE_CP4    AE_TP8     AE_T5     AE_P3     AE_PZ  \
7197  0.027510 -0.000824  0.036017 -0.000824 -0.000824  0.063941 -0.000824   
7198  0.019976 -0.000865  0.025824 -0.000865 -0.000865  0.072394 -0.000865   
7199  0.066046  0.047365  0.063754  0.047365  0.047365  0.112191  0.047365   

         AE_P4     AE_T6  AE_O1     AE_OZ     AE_O2    SE_FP1    SE_FP2  \
7197  0.175003 -0.000824    0.0  0.158109 -0.000824  0.066955  0.000288   
7198  0.076391 -0.000865    0.0  0.174340 -0.000865  0.046721  0.000180   
7199  0.135005  0.047365    0.0  0.274833  0.047346  0.051789  0.018049   

         SE_F7     SE_F3     SE_FZ     SE_F4     SE_F8    SE_FT7    SE_FC3  \
7197  0.055644  0.000288  0.223762  1.381160  0.070390  0.000288  0.021846   
7198  0.033134  0.000180  0.144925  1.134842  0.043591  0.000180  0.021874   
7199  0.042526  0.018049  0.110289  1.188448  0.060760  0.018049  0.031704   

      SE_FCZ    SE_FC4    SE_FT8     SE_T3     SE_C3     SE_CZ     SE_C4  \
7197     NaN  0.287442  0.000288  0.077257  1.381160  0.027899  0.000288   
7198     NaN  0.315526  0.000180  0.096247  1.134842  0.018522  0.000180   
7199     NaN  0.221739  0.018049  0.133624  1.188448  0.030925  0.018049   

         SE_T4    SE_TP7    SE_CP3    SE_CPZ    SE_CP4    SE_TP8     SE_T5  \
7197  0.028812  0.000288  0.028085  0.000288  0.037623  0.000288  0.000288   
7198  0.031010  0.000180  0.020352  0.000180  0.024458  0.000180  0.000180   
7199  0.038512  0.018049  0.037382  0.018049  0.035881  0.018049  0.018049   

         SE_P3     SE_PZ     SE_P4     SE_T6  SE_O1     SE_OZ     SE_O2  \
7197  0.058380  0.000288  0.163715  0.000288    NaN  0.153781  0.000288   
7198  0.064444  0.000180  0.073863  0.000180    NaN  0.158978  0.000180   
7199  0.092502  0.018049  0.103762  0.018049    NaN  0.249137  0.018030   

        FE_FP1    FE_FP2     FE_F7     FE_F3     FE_FZ     FE_F4     FE_F8  \
7197  0.067280  0.001813  0.056898  0.001813  0.163140  0.762764  0.071317   
7198  0.050848  0.001346  0.035944  0.001346  0.120971  0.776384  0.047282   
7199  0.065962  0.030906  0.058161  0.030906  0.113248  0.775775  0.071429   

        FE_FT7    FE_FC3  FE_FCZ    FE_FC4    FE_FT8     FE_T3     FE_C3  \
7197  0.001813  0.026568     NaN  0.195537  0.001813  0.077487  0.762764   
7198  0.001346  0.022903     NaN  0.209372  0.001346  0.095551  0.776384   
7199  0.030906  0.046221     NaN  0.167244  0.030906  0.116997  0.775775   

         FE_CZ     FE_C4     FE_T4    FE_TP7    FE_CP3    FE_CPZ    FE_CP4  \
7197  0.030608  0.001813  0.034643  0.001813  0.028983  0.001813  0.039479   
7198  0.020933  0.001346  0.035090  0.001346  0.021918  0.001346  0.026706   
7199  0.046361  0.030906  0.048473  0.030906  0.048382  0.030906  0.049641   

        FE_TP8     FE_T5     FE_P3     FE_PZ     FE_P4     FE_T6  FE_O1  \
7197  0.001813  0.001813  0.061667  0.001813  0.127766  0.001813    NaN   
7198  0.001346  0.001346  0.070936  0.001346  0.072467  0.001346    NaN   
7199  0.030906  0.030906  0.094860  0.030906  0.105073  0.030906    NaN   

         FE_OZ     FE_O2  
7197  0.124141  0.001814  
7198  0.129351  0.001346  
7199  0.179874  0.030910  

Showing 3 radnom data points

      label    PE_FP1        PE_FP2     PE_F7         PE_F3     PE_FZ  PE_F4  \
1936      0  2.225152  6.840128e-22  3.733738           NaN  3.447327    NaN   
979       1  3.030688  1.732844e-09  1.697572  6.782355e-21  1.600886    NaN   
2238      1  4.247980  4.001672e-22  4.327756  6.802551e-21  4.534038    NaN   

         PE_F8        PE_FT7    PE_FC3  PE_FCZ    PE_FC4        PE_FT8  \
1936  4.560990  7.217413e-22  4.202543     NaN  4.320651  3.104376e-20   
979   2.049966           NaN  1.761347     NaN  2.871703  4.813706e+00   
2238  4.706593           NaN  4.506969     NaN  4.014686           NaN   

         PE_T3         PE_C3     PE_CZ  PE_C4     PE_T4        PE_TP7  \
1936  4.352934  3.567693e-21  4.395112    NaN  4.024603           NaN   
979   2.731347  3.422647e-20  2.950192    NaN  1.880025  2.356019e+00   
2238  3.731727           NaN  4.237721    NaN  4.563313  3.057050e-20   

        PE_CP3    PE_CPZ    PE_CP4    PE_TP8         PE_T5     PE_P3  \
1936  4.661304       NaN  4.150953       NaN           NaN  4.686653   
979   4.362973  4.125543  2.253526  2.372306  3.051639e+00  4.640031   
2238  4.569832       NaN  3.143869       NaN  3.057050e-20  4.990304   

             PE_PZ     PE_P4         PE_T6  PE_O1     PE_OZ    PE_O2  \
1936  4.394418e-20  4.654443  1.688901e-03    NaN  4.587459      NaN   
979            NaN  5.102432  4.652974e+00    NaN  2.582056  1.07371   
2238  1.002399e-20  4.775745  7.166334e-20    NaN  4.136890      NaN   

        AE_FP1        AE_FP2     AE_F7         AE_F3     AE_FZ         AE_F4  \
1936  0.462228  5.010016e-07  0.314519  5.010016e-07  0.278694  5.010016e-07   
979   0.362942  5.010016e-07  0.125697  5.010016e-07  0.044803  5.010016e-07   
2238  0.437218  5.010016e-07  0.419681  5.010016e-07  0.458388  5.010016e-07   

         AE_F8        AE_FT7    AE_FC3        AE_FCZ    AE_FC4        AE_FT8  \
1936  0.412127  5.010016e-07  0.386876  5.010016e-07  0.489936  5.010016e-07   
979   0.189965  5.010016e-07  0.137137  5.010016e-07  0.325458  4.628633e-01   
2238  0.470761  5.010016e-07  0.478792  5.010016e-07  0.391190  5.010016e-07   

         AE_T3         AE_C3     AE_CZ         AE_C4     AE_T4        AE_TP7  \
1936  0.381797  5.010016e-07  0.398476  5.010016e-07  0.347846  5.010016e-07   
979   0.296922  5.010016e-07  0.317086  5.010016e-07  0.140394 -8.144011e-04   
2238  0.414181  5.010016e-07  0.416227  5.010016e-07  0.461058  5.010016e-07   

        AE_CP3        AE_CPZ    AE_CP4        AE_TP8         AE_T5     AE_P3  \
1936  0.437086  5.010016e-07  0.484672  5.010016e-07  5.010016e-07  0.438506   
979   0.479602  3.586849e-01  0.203500 -4.850674e-04  2.440077e-01  0.495486   
2238  0.443224  5.010016e-07  0.484353  5.010016e-07  5.010016e-07  0.391545   

             AE_PZ     AE_P4         AE_T6         AE_O1     AE_OZ  \
1936  5.010016e-07  0.448424  5.010016e-07  5.010016e-07  0.436472   
979   5.010016e-07  0.321175  1.087464e-01  5.010016e-07  0.275166   
2238  5.010016e-07  0.504681  5.010016e-07  5.010016e-07  0.398734   

             AE_O2    SE_FP1  SE_FP2     SE_F7  SE_F3     SE_FZ  SE_F4  \
1936  5.010016e-07  0.455952    -0.0  0.279975   -0.0  0.245696   -0.0   
979   9.750932e-04  0.327340    -0.0  0.110861   -0.0  0.015727   -0.0   
2238  5.010016e-07  0.391194    -0.0  0.373095   -0.0  0.393120   -0.0   

         SE_F8  SE_FT7    SE_FC3  SE_FCZ    SE_FC4   SE_FT8     SE_T3  SE_C3  \
1936  0.374415    -0.0  0.328861    -0.0  0.447566 -0.00000  0.334517   -0.0   
979   0.177666    -0.0  0.125309    -0.0  0.286767  0.30358  0.252116   -0.0   
2238  0.393827    -0.0  0.429357    -0.0  0.323061 -0.00000  0.367101   -0.0   

         SE_CZ  SE_C4     SE_T4  SE_TP7    SE_CP3    SE_CPZ    SE_CP4  \
1936  0.333942   -0.0  0.299120    -0.0  0.363795 -0.000000  0.418672   
979   0.259967   -0.0  0.126820    -0.0  0.408772  0.277823  0.185244   
2238  0.374209   -0.0  0.404023    -0.0  0.381913 -0.000000  0.455762   

        SE_TP8     SE_T5     SE_P3  SE_PZ     SE_P4     SE_T6  SE_O1  \
1936 -0.000000 -0.000000  0.364127   -0.0  0.383487 -0.000000   -0.0   
979   0.000533  0.131126  0.440872   -0.0  0.219045  0.027404   -0.0   
2238 -0.000000 -0.000000  0.236074   -0.0  0.440049 -0.000000   -0.0   

         SE_OZ     SE_O2    FE_FP1    FE_FP2     FE_F7     FE_F3     FE_FZ  \
1936  0.368950 -0.000000  0.326674  0.000044  0.192176  0.000044  0.178683   
979   0.239509  0.001648  0.217076  0.000046  0.102542  0.000044  0.042530   
2238  0.351177 -0.000000  0.255909  0.000044  0.243784  0.000044  0.262210   

         FE_F4     FE_F8    FE_FT7    FE_FC3    FE_FCZ    FE_FC4    FE_FT8  \
1936  0.000044  0.238437  0.000044  0.228808  0.000044  0.279571  0.000044   
979   0.000044  0.138099  0.000044  0.113786  0.000044  0.200946  0.322329   
2238  0.000044  0.288232  0.000044  0.289620  0.000044  0.228880  0.000392   

         FE_T3     FE_C3     FE_CZ     FE_C4     FE_T4    FE_TP7    FE_CP3  \
1936  0.223499  0.000044  0.231706  0.000044  0.215112  0.000044  0.245410   
979   0.188498  0.000044  0.198463  0.000044  0.108115  0.044356  0.281570   
2238  0.237865  0.000044  0.247640  0.000044  0.268048  0.000044  0.263258   

        FE_CPZ    FE_CP4    FE_TP8     FE_T5     FE_P3     FE_PZ     FE_P4  \
1936  0.000044  0.271984  0.000044  0.000044  0.249575  0.000044  0.258488   
979   0.257601  0.143179  0.051561  0.175281  0.303951  0.000044  0.213518   
2238  0.000044  0.289815  0.000044  0.000044  0.278784  0.000044  0.285732   

         FE_T6     FE_O1     FE_OZ     FE_O2  
1936  0.000515  0.000044  0.252321  0.000044  
979   0.078731  0.000044  0.172603  0.003900  
2238  0.000044  0.000044  0.230034  0.000044  
             label       PE_FP1        PE_FP2        PE_F7         PE_F3  \
count  7200.000000  7055.000000  3.584000e+03  7101.000000  4.297000e+03   
mean      0.500000     3.641958  5.769440e-01     3.387300  1.678871e+00   
std       0.500035     0.903368  1.098425e+00     1.057803  1.842786e+00   
min       0.000000     0.803764  2.785319e-22     0.394774  8.468235e-23   
25%       0.000000     3.043169  6.840128e-22     2.567633  7.762881e-21   
50%       0.500000     3.792376  9.142145e-22     3.559404  1.811100e+00   
75%       1.000000     4.384037  1.287456e-07     4.264221  2.522881e+00   
max       1.000000     6.551501  5.975822e+00     6.084262  7.260672e+00   

             PE_FZ         PE_F4        PE_F8        PE_FT7       PE_FC3  \
count  7118.000000  4.299000e+03  7102.000000  4.278000e+03  7102.000000   
mean      3.319660  1.883744e+00     3.525424  1.689643e+00     3.303372   
std       1.093895  1.941070e+00     1.038599  2.000956e+00     1.051226   
min       0.176996  1.740983e-22     0.529003  1.439010e-22     0.198788   
25%       2.474312  2.657928e-21     2.666670  1.164565e-21     2.530945   
50%       3.443032  2.287773e+00     3.715928  3.522425e-11     3.435317   
75%       4.253563  3.498449e+00     4.431155  3.494640e+00     4.185750   
max       6.711920  7.279124e+00     7.137585  7.420184e+00     7.217764   

             PE_FCZ       PE_FC4        PE_FT8        PE_T3         PE_C3  \
count  2.910000e+03  7084.000000  4.672000e+03  7084.000000  4.508000e+03   
mean   5.073389e-01     3.644826  2.189146e+00     3.382720  2.034077e+00   
std    1.080467e+00     0.849293  2.113912e+00     0.872264  2.107825e+00   
min    1.826126e-22     0.617459  3.390224e-22     0.468137  7.549003e-23   
25%    6.678756e-22     3.079472  2.119517e-20     2.729464  8.338769e-21   
50%    9.764500e-22     3.769025  2.346252e+00     3.342734  2.287773e+00   
75%    2.735370e-21     4.309828  4.447428e+00     4.134051  4.322420e+00   
max    5.445909e+00     6.246743  7.111140e+00     7.128182  6.467360e+00   

             PE_CZ         PE_C4        PE_T4        PE_TP7       PE_CP3  \
count  7085.000000  4.301000e+03  7112.000000  4.038000e+03  7048.000000   
mean      3.539751  1.897421e+00     3.426964  1.107342e+00     3.642097   
std       0.878533  2.057836e+00     0.939526  1.585022e+00     1.190229   
min       0.575297  8.582113e-23     0.522773  3.390224e-22     0.197236   
25%       2.836861  1.262434e-20     2.754325  3.195689e-21     2.811262   
50%       3.667690  1.989918e+00     3.479222  1.820813e-20     4.045713   
75%       4.268506  3.869020e+00     4.210784  2.349278e+00     4.616727   
max       7.171862  8.234571e+00     7.214527  7.043582e+00     5.895367   

             PE_CPZ       PE_CP4        PE_TP8         PE_T5        PE_P3  \
count  4.936000e+03  7106.000000  3.452000e+03  4.045000e+03  7046.000000   
mean   2.668817e+00     3.301839  5.916078e-01  1.153304e+00     3.723838   
std    2.017938e+00     0.830839  1.143370e+00  1.624186e+00     1.046646   
min    3.390224e-22     0.345786  2.679661e-22  3.390224e-22     0.739208   
25%    4.400145e-20     2.736833  7.196985e-22  8.917583e-21     2.944953   
50%    3.154328e+00     3.360312  1.053503e-21  2.952194e-20     4.010906   
75%    4.483104e+00     3.898833  4.836487e-06  2.349278e+00     4.583383   
max    8.965342e+00     5.532969  6.045623e+00  6.367960e+00     6.184299   

              PE_PZ        PE_P4         PE_T6         PE_O1        PE_OZ  \
count  4.599000e+03  7054.000000  4.404000e+03  3.272000e+03  7104.000000   
mean   2.139653e+00     3.869173  1.861019e+00  6.116197e-01     3.523046   
std    2.114314e+00     1.120305  2.093236e+00  1.174788e+00     0.829098   
min    3.390224e-22     0.671256  3.390224e-22  3.097277e-22     0.436922   
25%    2.104130e-20     3.170963  4.061659e-21  6.818233e-22     2.950413   
50%    2.338801e+00     4.334310  4.839934e-06  1.011102e-21     3.637802   
75%    4.355377e+00     4.738089  4.254428e+00  4.836487e-06     4.183322   
max    7.688708e+00     6.930855  6.963369e+00  5.875831e+00     6.218897   

              PE_O2       AE_FP1        AE_FP2        AE_F7         AE_F3  \
count  3.648000e+03  7200.000000  7.200000e+03  7200.000000  7.200000e+03   
mean   8.322689e-01     0.408912  2.057201e-03     0.344012  2.108145e-02   
std    1.432901e+00     0.116112  2.135854e-02     0.145455  7.219466e-02   
min    3.097277e-22     0.008482 -9.139804e-04     0.010286 -9.422503e-04   
25%    7.185241e-22     0.373059  5.010016e-07     0.234585  5.010016e-07   
50%    1.096459e-21     0.444420  5.010016e-07     0.388647  5.010016e-07   
75%    2.293441e+00     0.486208  5.010016e-07     0.463177  5.010016e-07   
max    7.521701e+00     0.587751  5.042827e-01     0.585158  7.508893e-01   

             AE_FZ         AE_F4        AE_F8        AE_FT7       AE_FC3  \
count  7200.000000  7.200000e+03  7200.000000  7.200000e+03  7200.000000   
mean      0.310388  7.393176e-03     0.376526  8.516987e-03     0.329006   
std       0.157983  4.024077e-02     0.131666  4.512704e-02     0.143219   
min       0.007670 -9.449581e-04     0.009077 -9.412901e-04     0.004698   
25%       0.162766  0.000000e+00     0.299284  5.010016e-07     0.219965   
50%       0.355456  5.010016e-07     0.410047  5.010016e-07     0.360389   
75%       0.446683  5.010016e-07     0.479572  5.010016e-07     0.443584   
max       0.583464  6.827326e-01     0.595815  6.772518e-01     0.618689   

             AE_FCZ       AE_FC4        AE_FT8        AE_T3         AE_C3  \
count  7.200000e+03  7200.000000  7.200000e+03  7200.000000  7.200000e+03   
mean   9.826452e-04     0.372262  1.858723e-02     0.358958  4.395313e-03   
std    1.741273e-02     0.125660  7.645801e-02     0.129266  3.449324e-02   
min   -8.864329e-04     0.008084 -9.118957e-04     0.005064 -9.503125e-04   
25%    0.000000e+00     0.294147  0.000000e+00     0.267961  0.000000e+00   
50%    5.010016e-07     0.405711  5.010016e-07     0.397620  5.010016e-07   
75%    5.010016e-07     0.471872  5.010016e-07     0.464258  5.010016e-07   
max    6.812623e-01     0.600765  7.890739e-01     0.590793  6.961487e-01   

             AE_CZ         AE_C4        AE_T4        AE_TP7       AE_CP3  \
count  7200.000000  7.200000e+03  7200.000000  7.200000e+03  7200.000000   
mean      0.354617  1.342443e-02     0.323059  5.547534e-03     0.423611   
std       0.127168  6.401150e-02     0.139754  3.443153e-02     0.106653   
min       0.011545 -8.987339e-04     0.006301 -9.376612e-04     0.012607   
25%       0.274902  5.010016e-07     0.211038  5.010016e-07     0.378056   
50%       0.391601  5.010016e-07     0.339745  5.010016e-07     0.451404   
75%       0.453917  5.010016e-07     0.446292  5.010016e-07     0.497825   
max       0.590239  8.048448e-01     0.603070  5.034072e-01     0.591907   

             AE_CPZ       AE_CP4        AE_TP8         AE_T5        AE_P3  \
count  7.200000e+03  7200.000000  7.200000e+03  7.200000e+03  7200.000000   
mean   6.687968e-02     0.351195  2.672422e-03  9.716583e-03     0.429384   
std    1.279513e-01     0.124617  2.334131e-02  5.571723e-02     0.118860   
min   -8.869952e-04     0.005937 -9.403872e-04 -9.458240e-04     0.012381   
25%    0.000000e+00     0.266189  5.010016e-07  5.010016e-07     0.393328   
50%    5.010016e-07     0.376632  5.010016e-07  5.010016e-07     0.463290   
75%    1.911273e-02     0.453355  5.010016e-07  5.010016e-07     0.512713   
max    7.480818e-01     0.599357  4.327768e-01  5.433818e-01     0.591153   

              AE_PZ        AE_P4         AE_T6         AE_O1        AE_OZ  \
count  7.200000e+03  7200.000000  7.200000e+03  7.200000e+03  7200.000000   
mean   1.899888e-02     0.418495  8.488109e-03  2.933734e-03     0.343924   
std    8.199739e-02     0.126325  5.284242e-02  2.737113e-02     0.118090   
min   -9.004257e-04     0.009161 -9.028806e-04 -8.675232e-04     0.007204   
25%    0.000000e+00     0.366463  0.000000e+00  5.010016e-07     0.272909   
50%    5.010016e-07     0.452534  5.010016e-07  5.010016e-07     0.368341   
75%    5.010016e-07     0.513161  5.010016e-07  5.010016e-07     0.433957   
max    8.342288e-01     0.599642  7.541407e-01  5.273333e-01     0.599052   

              AE_O2       SE_FP1       SE_FP2        SE_F7        SE_F3  \
count  7.200000e+03  7200.000000  6600.000000  7200.000000  6900.000000   
mean   7.182480e-03     0.371016     0.001135     0.309836     0.077470   
std    4.220113e-02     0.112720     0.012774     0.141944     0.292800   
min   -9.065909e-04     0.008700    -0.000000     0.002277    -0.000000   
25%    5.010016e-07     0.327333    -0.000000     0.197850    -0.000000   
50%    5.010016e-07     0.401608    -0.000000     0.350764    -0.000000   
75%    5.010016e-07     0.452070     0.000000     0.427461     0.000833   
max    8.091105e-01     0.557323     0.422738     0.541100     2.107879   

             SE_FZ        SE_F4        SE_F8       SE_FT7       SE_FC3  \
count  7200.000000  6900.000000  7200.000000  7200.000000  7200.000000   
mean      0.277120     0.173565     0.339127     0.168669     0.297416   
std       0.148303     0.438541     0.126315     0.433246     0.134294   
min       0.003416    -0.000000     0.002628    -0.000000     0.005643   
25%       0.136519    -0.000000     0.258077    -0.000000     0.194297   
50%       0.310958    -0.000000     0.370303    -0.000000     0.323670   
75%       0.404669     0.001225     0.441042     0.000288     0.403259   
max       0.548640     1.986669     0.543457     2.345723     0.577914   

            SE_FCZ       SE_FC4       SE_FT8        SE_T3        SE_C3  \
count  5772.000000  7200.000000  7200.000000  7200.000000  7200.000000   
mean      0.007126     0.332094     0.247633     0.327294     0.277536   
std       0.078554     0.122261     0.500837     0.127936     0.524284   
min      -0.000000     0.005715    -0.000000     0.002120    -0.000000   
25%      -0.000000     0.253871    -0.000000     0.235676    -0.000000   
50%      -0.000000     0.358205    -0.000000     0.353216    -0.000000   
75%       0.000000     0.431770     0.026822     0.436903     0.010244   
max       1.902584     0.559426     2.116523     0.555474     2.105059   

             SE_CZ        SE_C4        SE_T4       SE_TP7       SE_CP3  \
count  7200.000000  7151.000000  7200.000000  7200.000000  7200.000000   
mean      0.317965     0.177683     0.288456     0.051479     0.386346   
std       0.122825     0.438908     0.131026     0.238725     0.100973   
min       0.007976    -0.000000     0.006613    -0.000000     0.007149   
25%       0.240071    -0.000000     0.183014    -0.000000     0.344115   
50%       0.347410     0.000000     0.299829    -0.000000     0.409545   
75%       0.414807     0.001669     0.402816     0.000000     0.458040   
max       0.557037     2.069910     0.567421     2.027724     0.565074   

            SE_CPZ       SE_CP4       SE_TP8        SE_T5        SE_P3  \
count  6900.000000  7200.000000  6600.000000  7200.000000  7200.000000   
mean      0.263362     0.321997     0.001357     0.059397     0.388864   
std       0.471842     0.120717     0.012652     0.259273     0.118364   
min      -0.000000     0.006671    -0.000000    -0.000000     0.005437   
25%      -0.000000     0.237632    -0.000000    -0.000000     0.349774   
50%       0.000020     0.337699    -0.000000    -0.000000     0.429969   
75%       0.240320     0.424075     0.000000     0.000000     0.470077   
max       2.027724     0.562605     0.349160     1.986669     0.563798   

             SE_PZ        SE_P4        SE_T6        SE_O1        SE_OZ  \
count  7103.000000  7200.000000  7200.000000  6600.000000  7200.000000   
mean      0.243252     0.373242     0.224995     0.001752     0.308266   
std       0.498402     0.122448     0.485450     0.017402     0.109759   
min      -0.000000     0.006489    -0.000000    -0.000000     0.005927   
25%      -0.000000     0.320190    -0.000000    -0.000000     0.241738   
50%       0.000000     0.411461    -0.000000    -0.000000     0.327044   
75%       0.016763     0.461948     0.000705     0.000000     0.391121   
max       2.133610     0.568872     1.986669     0.457795     0.574116   

             SE_O2       FE_FP1       FE_FP2        FE_F7        FE_F3  \
count  6977.000000  7200.000000  6600.000000  7200.000000  6900.000000   
mean      0.015710     0.255376     0.004854     0.217866     0.061603   
std       0.152376     0.067049     0.019773     0.079880     0.176966   
min      -0.000000     0.010242     0.000044     0.017430     0.000044   
25%       0.000000     0.228201     0.000044     0.163681     0.000044   
50%       0.000000     0.269162     0.000044     0.234328     0.000044   
75%       0.000000     0.302819     0.000044     0.281693     0.024406   
max       2.075772     0.380338     0.341618     0.370273     1.169150   

             FE_FZ        FE_F4        FE_F8       FE_FT7       FE_FC3  \
count  7200.000000  6900.000000  7200.000000  7200.000000  7200.000000   
mean      0.197758     0.113852     0.237747     0.108834     0.215475   
std       0.085920     0.260496     0.074132     0.260405     0.080121   
min       0.015648     0.000044     0.012277     0.000044     0.007434   
25%       0.126338     0.000044     0.192700     0.000044     0.162427   
50%       0.217376     0.000044     0.248770     0.000044     0.227712   
75%       0.267005     0.033685     0.297632     0.010095     0.274698   
max       0.380874     1.140227     0.376481     1.140227     0.412638   

            FE_FCZ       FE_FC4       FE_FT8        FE_T3        FE_C3  \
count  5772.000000  7200.000000  7200.000000  7200.000000  7200.000000   
mean      0.007380     0.228919     0.158501     0.222866     0.172859   
std       0.057258     0.066868     0.295788     0.069904     0.315826   
min       0.000044     0.010139     0.000044     0.012926     0.000044   
25%       0.000044     0.188552     0.000044     0.175623     0.000044   
50%       0.000044     0.240775     0.000044     0.233927     0.000044   
75%       0.000044     0.280658     0.080592     0.278059     0.060651   
max       1.305904     0.396466     1.063686     0.374701     1.143015   

             FE_CZ        FE_C4        FE_T4       FE_TP7       FE_CP3  \
count  7200.000000  7151.000000  7200.000000  7200.000000  7200.000000   
mean      0.220161     0.118002     0.204555     0.037943     0.268408   
std       0.067370     0.268536     0.073773     0.145401     0.061303   
min       0.015496     0.000044     0.009213     0.000044     0.016982   
25%       0.181229     0.000044     0.150284     0.000044     0.240177   
50%       0.234743     0.000044     0.210126     0.000044     0.281713   
75%       0.270312     0.024996     0.265064     0.000134     0.313465   
max       0.384812     1.434661     0.404030     1.143015     0.387137   

            FE_CPZ       FE_CP4       FE_TP8        FE_T5        FE_P3  \
count  6900.000000  7200.000000  6600.000000  7200.000000  7200.000000   
mean      0.186947     0.221827     0.004926     0.043007     0.266664   
std       0.281632     0.068187     0.020247     0.156518     0.068371   
min       0.000044     0.009421     0.000044     0.000044     0.015307   
25%       0.000044     0.177039     0.000044     0.000044     0.235200   
50%       0.004295     0.228930     0.000044     0.000044     0.286513   
75%       0.247033     0.275104     0.000044     0.000134     0.316174   
max       1.143015     0.401404     0.310456     1.054076     0.392480   

             FE_PZ        FE_P4        FE_T6        FE_O1        FE_OZ  \
count  7103.000000  7200.000000  7200.000000  6600.000000  7200.000000   
mean      0.157681     0.263749     0.141515     0.005078     0.213364   
std       0.301279     0.072743     0.292941     0.023071     0.062073   
min       0.000044     0.012194     0.000044     0.000044     0.010628   
25%       0.000044     0.227401     0.000044     0.000044     0.178562   
50%       0.000044     0.280871     0.000044     0.000044     0.222525   
75%       0.072359     0.320342     0.024406     0.000044     0.256829   
max       1.412400     0.403715     1.145928     0.336849     0.397973   

             FE_O2  
count  6977.000000  
mean      0.016925  
std       0.105877  
min       0.000044  
25%       0.000044  
50%       0.000044  
75%       0.000044  
max       1.370919  
