             label      PE_HEOL      PE_HEOR       PE_FP1       PE_FP2  \
count  7200.000000  7200.000000  7200.000000  7200.000000  7200.000000   
mean      0.500000    -0.932501    -0.994040     0.100242    -0.953791   
std       0.500035     0.276320     0.081661     0.312413     0.205453   
min       0.000000    -1.000000    -1.000000    -1.000000    -1.000000   
25%       0.000000    -1.000000    -1.000000    -0.063112    -1.000000   
50%       0.500000    -0.999856    -1.000000     0.160381    -1.000000   
75%       1.000000    -0.997639    -1.000000     0.340475    -1.000000   
max       1.000000     1.000000     1.000000     1.000000     1.000000   

           PE_VEOU      PE_VEOL        PE_F7        PE_F3        PE_FZ  \
count  7200.000000  7200.000000  7200.000000  7200.000000  7200.000000   
mean     -0.920325    -0.977951     0.101688    -0.765495    -0.065831   
std       0.275227     0.169189     0.371149     0.436427     0.326150   
min      -1.000000    -1.000000    -1.000000    -1.000000    -1.000000   
25%      -1.000000    -1.000000    -0.163372    -1.000000    -0.303706   
50%      -0.999768    -1.000000     0.169835    -1.000000    -0.022427   
75%      -0.995280    -1.000000     0.403874    -0.741583     0.208504   
max       1.000000     1.000000     1.000000     1.000000     1.000000   

             PE_F4        PE_F8       PE_FT7       PE_FC3       PE_FCZ  \
count  7200.000000  7200.000000  7200.000000  7200.000000  7200.000000   
mean     -0.734418    -0.020223    -0.774625    -0.091973    -0.983256   
std       0.459716     0.314703     0.444001     0.311908     0.132023   
min      -1.000000    -1.000000    -1.000000    -1.000000    -1.000000   
25%      -1.000000    -0.254535    -1.000000    -0.299455    -1.000000   
50%      -1.000000     0.046223    -1.000000    -0.043840    -1.000000   
75%      -0.365666     0.247357    -1.000000     0.162592    -1.000000   
max       1.000000     1.000000     1.000000     1.000000     1.000000   

            PE_FC4       PE_FT8        PE_T3        PE_C3        PE_CZ  \
count  7200.000000  7200.000000  7200.000000  7200.000000  7200.000000   
mean      0.155311    -0.616921    -0.063194    -0.679950    -0.023309   
std       0.303204     0.589588     0.273002     0.523978     0.275383   
min      -1.000000    -1.000000    -1.000000    -1.000000    -1.000000   
25%      -0.014674    -1.000000    -0.237512    -1.000000    -0.210673   
50%       0.207271    -1.000000    -0.063130    -1.000000     0.028246   
75%       0.380750    -0.251308     0.161378    -0.330378     0.192844   
max       1.000000     1.000000     1.000000     1.000000     1.000000   

             PE_C4        PE_T4       PE_TP7       PE_CP3       PE_CPZ  \
count  7200.000000  7200.000000  7200.000000  7200.000000  7200.000000   
mean     -0.748161    -0.059087    -0.868077     0.214249    -0.621111   
std       0.457430     0.281682     0.342913     0.439181     0.457568   
min      -1.000000    -1.000000    -1.000000    -1.000000    -1.000000   
25%      -1.000000    -0.239657    -1.000000    -0.066568    -1.000000   
50%      -1.000000    -0.033969    -1.000000     0.371919    -1.000000   
75%      -0.538429     0.168681    -1.000000     0.565005    -0.100191   
max       1.000000     1.000000     1.000000     1.000000     1.000000   

            PE_CP4       PE_TP8        PE_A1        PE_T5        PE_P3  \
count  7200.000000  7200.000000  7200.000000  7200.000000  7200.000000   
mean      0.178869    -0.958875     0.098779    -0.848379     0.186398   
std       0.336610     0.198496     0.320434     0.387190     0.379612   
min      -1.000000    -1.000000    -1.000000    -1.000000    -1.000000   
25%      -0.013154    -1.000000    -0.126666    -1.000000    -0.060122   
50%       0.215701    -1.000000     0.199684    -1.000000     0.302047   
75%       0.411705    -1.000000     0.355488    -1.000000     0.483920   
max       1.000000     1.000000     1.000000     1.000000     1.000000   

             PE_PZ        PE_P4        PE_T6        PE_A2        PE_O1  \
count  7200.000000  7200.000000  7200.000000  7200.000000  7200.000000   
mean     -0.673387     0.107042    -0.723213     0.247764    -0.957030   
std       0.506677     0.352094     0.504747     0.327111     0.223022   
min      -1.000000    -1.000000    -1.000000    -1.000000    -1.000000   
25%      -1.000000    -0.082156    -1.000000     0.064514    -1.000000   
50%      -1.000000     0.257217    -1.000000     0.320570    -1.000000   
75%      -0.392762     0.368779    -0.993932     0.495567    -1.000000   
max       1.000000     1.000000     1.000000     1.000000     1.000000   

             PE_OZ        PE_O2       PE_FT9      PE_FT10       PE_PO1  \
count  7200.000000  7200.000000  7200.000000  7200.000000  7200.000000   
mean      0.127216    -0.915123     0.000407    -0.976791     0.049935   
std       0.293319     0.296672     0.273245     0.142422     0.269739   
min      -1.000000    -1.000000    -1.000000    -1.000000    -1.000000   
25%      -0.046424    -1.000000    -0.174778    -1.000000    -0.107841   
50%       0.175542    -1.000000     0.040279    -1.000000     0.089195   
75%       0.349253    -1.000000     0.203278    -1.000000     0.255515   
max       1.000000     1.000000     1.000000     1.000000     1.000000   

            PE_PO2      AE_HEOL      AE_HEOR       AE_FP1       AE_FP2  \
count  7200.000000  7200.000000  7200.000000  7200.000000  7200.000000   
mean     -0.950149    -0.947537    -0.988015     0.419884    -0.992795   
std       0.218935     0.199163     0.108320     0.352765     0.083635   
min      -1.000000    -1.000000    -1.000000    -1.000000    -1.000000   
25%      -1.000000    -1.000000    -1.000000     0.299678    -1.000000   
50%      -1.000000    -1.000000    -1.000000     0.520059    -1.000000   
75%      -1.000000    -0.994256    -1.000000     0.655502    -1.000000   
max       1.000000     1.000000     1.000000     1.000000     1.000000   

           AE_VEOU      AE_VEOL        AE_F7        AE_F3        AE_FZ  \
count  7200.000000  7200.000000  7200.000000  7200.000000  7200.000000   
mean     -0.889588    -0.978556     0.182898    -0.895202     0.071177   
std       0.290100     0.146662     0.493332     0.348379     0.541491   
min      -1.000000    -1.000000    -1.000000    -1.000000    -1.000000   
25%      -1.000000    -1.000000    -0.172043    -1.000000    -0.415575   
50%      -0.999993    -1.000000     0.336445    -1.000000     0.229469   
75%      -0.966168    -1.000000     0.580037    -1.000000     0.532077   
max       1.000000     1.000000     1.000000     1.000000     1.000000   

             AE_F4        AE_F8       AE_FT7       AE_FC3       AE_FCZ  \
count  7200.000000  7200.000000  7200.000000  7200.000000  7200.000000   
mean     -0.796673     0.280810    -0.807632     0.084908    -0.990164   
std       0.510017     0.424007     0.476796     0.446633     0.127257   
min      -1.000000    -1.000000    -1.000000    -1.000000    -1.000000   
25%      -1.000000     0.026173    -1.000000    -0.250967    -1.000000   
50%      -1.000000     0.382455    -1.000000     0.181706    -1.000000   
75%      -1.000000     0.612718    -1.000000     0.438735    -1.000000   
max       1.000000     1.000000     1.000000     1.000000     1.000000   

            AE_FC4       AE_FT8        AE_T3        AE_C3        AE_CZ  \
count  7200.000000  7200.000000  7200.000000  7200.000000  7200.000000   
mean      0.253341    -0.692982     0.228958    -0.683596     0.213882   
std       0.404123     0.594198     0.425717     0.590092     0.416504   
min      -1.000000    -1.000000    -1.000000    -1.000000    -1.000000   
25%       0.001434    -1.000000    -0.062092    -1.000000    -0.040410   
50%       0.360534    -1.000000     0.355696    -1.000000     0.329663   
75%       0.570455    -0.883722     0.573332    -0.990131     0.535599   
max       1.000000     1.000000     1.000000     1.000000     1.000000   

             AE_C4        AE_T4       AE_TP7       AE_CP3       AE_CPZ  \
count  7200.000000  7200.000000  7200.000000  7200.000000  7200.000000   
mean     -0.801225     0.057852    -0.935729     0.441389    -0.675422   
std       0.470229     0.468902     0.278600     0.332956     0.517165   
min      -1.000000    -1.000000    -1.000000    -1.000000    -1.000000   
25%      -1.000000    -0.310078    -1.000000     0.283518    -1.000000   
50%      -1.000000     0.116681    -1.000000     0.521209    -1.000000   
75%      -0.999967     0.467534    -1.000000     0.677587    -0.559655   
max       1.000000     1.000000     1.000000     1.000000     1.000000   

            AE_CP4       AE_TP8        AE_A1        AE_T5        AE_P3  \
count  7200.000000  7200.000000  7200.000000  7200.000000  7200.000000   
mean      0.175148    -0.988785     0.414039    -0.921993     0.468253   
std       0.402991     0.106050     0.375115     0.319766     0.375097   
min      -1.000000    -1.000000    -1.000000    -1.000000    -1.000000   
25%      -0.108352    -1.000000     0.279930    -1.000000     0.350263   
50%       0.253036    -1.000000     0.523377    -1.000000     0.568831   
75%       0.505251    -1.000000     0.675712    -1.000000     0.732835   
max       1.000000     1.000000     1.000000     1.000000     1.000000   

             AE_PZ        AE_P4        AE_T6        AE_A2        AE_O1  \
count  7200.000000  7200.000000  7200.000000  7200.000000  7200.000000   
mean     -0.726593     0.418280    -0.737446     0.407347    -0.989852   
std       0.526822     0.392334     0.554396     0.375560     0.102577   
min      -1.000000    -1.000000    -1.000000    -1.000000    -1.000000   
25%      -1.000000     0.251306    -1.000000     0.260250    -1.000000   
50%      -1.000000     0.515091    -1.000000     0.524404    -1.000000   
75%      -0.904249     0.712537    -1.000000     0.661872    -1.000000   
max       1.000000     1.000000     1.000000     1.000000     1.000000   

             AE_OZ        AE_O2       AE_FT9      AE_FT10       AE_PO1  \
count  7200.000000  7200.000000  7200.000000  7200.000000  7200.000000   
mean      0.164545    -0.962945     0.114181    -0.997724     0.127291   
std       0.374618     0.235339     0.403658     0.048336     0.411260   
min      -1.000000    -1.000000    -1.000000    -1.000000    -1.000000   
25%      -0.058465    -1.000000    -0.158762    -1.000000    -0.153603   
50%       0.238641    -1.000000     0.182116    -1.000000     0.213181   
75%       0.450027    -1.000000     0.435222    -1.000000     0.451770   
max       1.000000     1.000000     1.000000     1.000000     1.000000   

            AE_PO2      SE_HEOL      SE_HEOR       SE_FP1       SE_FP2  \
count  7200.000000  7200.000000  7200.000000  7200.000000  7200.000000   
mean     -0.983054    -0.961685    -0.991792     0.357019    -0.995789   
std       0.161078     0.166736     0.083173     0.368073     0.057553   
min      -1.000000    -1.000000    -1.000000    -1.000000    -1.000000   
25%      -1.000000    -1.000000    -1.000000     0.204093    -1.000000   
50%      -1.000000    -1.000000    -1.000000     0.447262    -1.000000   
75%      -1.000000    -0.996810    -1.000000     0.621701    -1.000000   
max       1.000000     1.000000     1.000000     1.000000     1.000000   

           SE_VEOU      SE_VEOL        SE_F7        SE_F3        SE_FZ  \
count  7200.000000  7200.000000  7200.000000  7200.000000  7200.000000   
mean     -0.911226    -0.986108     0.163176    -0.932249     0.023006   
std       0.252177     0.107598     0.515888     0.259057     0.537810   
min      -1.000000    -1.000000    -1.000000    -1.000000    -1.000000   
25%      -1.000000    -1.000000    -0.223929    -1.000000    -0.475407   
50%      -0.999995    -1.000000     0.314935    -1.000000     0.150642   
75%      -0.978527    -1.000000     0.584214    -0.999626     0.480392   
max       1.000000     1.000000     1.000000     1.000000     1.000000   

             SE_F4        SE_F8       SE_FT7       SE_FC3       SE_FCZ  \
count  7200.000000  7200.000000  7200.000000  7200.000000  7200.000000   
mean     -0.849920     0.269048    -0.862272     0.047784    -0.992924   
std       0.390984     0.442208     0.355710     0.450505     0.097050   
min      -1.000000    -1.000000    -1.000000    -1.000000    -1.000000   
25%      -1.000000    -0.015111    -1.000000    -0.289903    -1.000000   
50%      -1.000000     0.375254    -1.000000     0.133844    -1.000000   
75%      -0.999320     0.624147    -1.000000     0.398121    -1.000000   
max       1.000000     1.000000     1.000000     1.000000     1.000000   

            SE_FC4       SE_FT8        SE_T3        SE_C3        SE_CZ  \
count  7200.000000  7200.000000  7200.000000  7200.000000  7200.000000   
mean      0.202878    -0.775691     0.195402    -0.760247     0.156251   
std       0.425178     0.455008     0.448819     0.456164     0.427625   
min      -1.000000    -1.000000    -1.000000    -1.000000    -1.000000   
25%      -0.065554    -1.000000    -0.120301    -1.000000    -0.104579   
50%       0.289701    -1.000000     0.287704    -1.000000     0.256110   
75%       0.548357    -0.972737     0.578839    -0.992556     0.489572   
max       1.000000     1.000000     1.000000     1.000000     1.000000   

             SE_C4        SE_T4       SE_TP7       SE_CP3       SE_CPZ  \
count  7200.000000  7200.000000  7200.000000  7200.000000  7200.000000   
mean     -0.846718     0.025455    -0.957777     0.383396    -0.778625   
std       0.383777     0.456796     0.195467     0.328176     0.397192   
min      -1.000000    -1.000000    -1.000000    -1.000000    -1.000000   
25%      -1.000000    -0.337518    -1.000000     0.230782    -1.000000   
50%      -1.000000     0.072370    -1.000000     0.453648    -1.000000   
75%      -0.999009     0.421270    -1.000000     0.620159    -0.779869   
max       1.000000     1.000000     1.000000     1.000000     1.000000   

            SE_CP4       SE_TP8        SE_A1        SE_T5        SE_P3  \
count  7200.000000  7200.000000  7200.000000  7200.000000  7200.000000   
mean      0.156606    -0.993921     0.383396    -0.943742     0.403980   
std       0.413531     0.067382     0.385061     0.243643     0.390670   
min      -1.000000    -1.000000    -1.000000    -1.000000    -1.000000   
25%      -0.142744    -1.000000     0.220190    -1.000000     0.276788   
50%       0.205490    -1.000000     0.506027    -1.000000     0.533051   
75%       0.506476    -1.000000     0.655209    -1.000000     0.668567   
max       1.000000     1.000000     1.000000     1.000000     1.000000   

             SE_PZ        SE_P4        SE_T6        SE_A2        SE_O1  \
count  7200.000000  7200.000000  7200.000000  7200.000000  7200.000000   
mean     -0.806520     0.335871    -0.803463     0.313500    -0.993692   
std       0.396305     0.404235     0.425934     0.385689     0.072172   
min      -1.000000    -1.000000    -1.000000    -1.000000    -1.000000   
25%      -1.000000     0.159132    -1.000000     0.156295    -1.000000   
50%      -1.000000     0.453310    -1.000000     0.411541    -1.000000   
75%      -0.978357     0.626022    -0.999889     0.585241    -1.000000   
max       1.000000     1.000000     1.000000     1.000000     1.000000   

             SE_OZ        SE_O2       SE_FT9      SE_FT10       SE_PO1  \
count  7200.000000  7200.000000  7200.000000  7200.000000  7200.000000   
mean      0.089279    -0.975670     0.088876    -0.998529     0.059819   
std       0.364269     0.176681     0.412911     0.034315     0.394787   
min      -1.000000    -1.000000    -1.000000    -1.000000    -1.000000   
25%      -0.133997    -1.000000    -0.190798    -1.000000    -0.209338   
50%       0.143993    -1.000000     0.137797    -1.000000     0.124955   
75%       0.362911    -1.000000     0.408975    -1.000000     0.363936   
max       1.000000     1.000000     1.000000     1.000000     1.000000   

            SE_PO2      FE_HEOL      FE_HEOR       FE_FP1       FE_FP2  \
count  7200.000000  7200.000000  7200.000000  7200.000000  7200.000000   
mean     -0.987541    -0.903027    -0.989088     0.358100    -0.982106   
std       0.132627     0.183401     0.100777     0.320144     0.104666   
min      -1.000000    -1.000000    -1.000000    -1.000000    -1.000000   
25%      -1.000000    -0.980518    -0.999549     0.211646    -0.999743   
50%      -1.000000    -0.960196    -0.999549     0.414396    -0.999743   
75%      -1.000000    -0.902805    -0.999549     0.589695    -0.999743   
max       1.000000     1.000000     1.000000     1.000000     1.000000   

           FE_VEOU      FE_VEOL        FE_F7        FE_F3        FE_FZ  \
count  7200.000000  7200.000000  7200.000000  7200.000000  7200.000000   
mean     -0.838516    -0.984932     0.152768    -0.897788     0.014514   
std       0.267783     0.110469     0.442453     0.296137     0.463463   
min      -1.000000    -1.000000    -1.000000    -1.000000    -1.000000   
25%      -0.980372    -0.999359    -0.137688    -0.999916    -0.356333   
50%      -0.941242    -0.999359     0.244117    -0.999916     0.117844   
75%      -0.848555    -0.999359     0.503958    -0.984601     0.385598   
max       1.000000     1.000000     1.000000     1.000000     1.000000   

             FE_F4        FE_F8       FE_FT7       FE_FC3       FE_FCZ  \
count  7200.000000  7200.000000  7200.000000  7200.000000  7200.000000   
mean     -0.830058     0.249050    -0.856878     0.052387    -0.990390   
std       0.397706     0.377749     0.344051     0.374753     0.118520   
min      -1.000000    -1.000000    -1.000000    -1.000000    -1.000000   
25%      -0.999918     0.006181    -1.000000    -0.200396    -0.999941   
50%      -0.999918     0.297191    -1.000000     0.102438    -0.999941   
75%      -0.960305     0.557272    -0.999973     0.328462    -0.999941   
max       1.000000     1.000000     1.000000     1.000000     1.000000   

            FE_FC4       FE_FT8        FE_T3        FE_C3        FE_CZ  \
count  7200.000000  7200.000000  7200.000000  7200.000000  7200.000000   
mean      0.153021    -0.739978     0.176517    -0.735804     0.132086   
std       0.329343     0.486999     0.373988     0.484203     0.344138   
min      -1.000000    -1.000000    -1.000000    -1.000000    -1.000000   
25%      -0.053282    -1.000000    -0.075466    -1.000000    -0.067075   
50%       0.209073    -1.000000     0.233370    -1.000000     0.198776   
75%       0.407341    -0.849046     0.473093    -0.879171     0.386011   
max       1.000000     1.000000     1.000000     1.000000     1.000000   

             FE_C4        FE_T4       FE_TP7       FE_CP3       FE_CPZ  \
count  7200.000000  7200.000000  7200.000000  7200.000000  7200.000000   
mean     -0.849629    -0.032865    -0.937590     0.377300    -0.699013   
std       0.348149     0.377122     0.238502     0.299270     0.448218   
min      -1.000000    -1.000000    -1.000000    -1.000000    -1.000000   
25%      -0.999934    -0.311430    -1.000000     0.218904    -0.999915   
50%      -0.999934    -0.005122    -1.000000     0.436470    -0.999915   
75%      -0.989510     0.274134    -1.000000     0.602805    -0.540342   
max       1.000000     1.000000     1.000000     1.000000     1.000000   

            FE_CP4       FE_TP8        FE_A1        FE_T5        FE_P3  \
count  7200.000000  7200.000000  7200.000000  7200.000000  7200.000000   
mean      0.084332    -0.979505     0.301324    -0.930388     0.350393   
std       0.334017     0.119648     0.330943     0.255531     0.335117   
min      -1.000000    -1.000000    -1.000000    -1.000000    -1.000000   
25%      -0.144572    -0.999717     0.134826    -1.000000     0.190442   
50%       0.113373    -0.999717     0.381139    -1.000000     0.443067   
75%       0.345404    -0.999717     0.544031    -1.000000     0.593349   
max       1.000000     1.000000     1.000000     1.000000     1.000000   

             FE_PZ        FE_P4        FE_T6        FE_A2        FE_O1  \
count  7200.000000  7200.000000  7200.000000  7200.000000  7200.000000   
mean     -0.801371     0.314167    -0.785507     0.296199    -0.980531   
std       0.385288     0.340028     0.445005     0.317301     0.126364   
min      -1.000000    -1.000000    -1.000000    -1.000000    -1.000000   
25%      -0.999940     0.134747    -1.000000     0.143893    -0.999740   
50%      -0.999940     0.387397    -1.000000     0.359957    -0.999740   
75%      -0.890364     0.580948    -0.996153     0.517264    -0.999740   
max       1.000000     1.000000     1.000000     1.000000     1.000000   

             FE_OZ        FE_O2       FE_FT9      FE_FT10       FE_PO1  \
count  7200.000000  7200.000000  7200.000000  7200.000000  7200.000000   
mean      0.068752    -0.963979     0.091124    -0.990555     0.079851   
std       0.298710     0.215906     0.337598     0.074371     0.325895   
min      -1.000000    -1.000000    -1.000000    -1.000000    -1.000000   
25%      -0.103953    -0.999942    -0.112016    -1.000000    -0.117581   
50%       0.108632    -0.999942     0.122433    -1.000000     0.132198   
75%       0.279118    -0.999942     0.325024    -1.000000     0.315870   
max       1.000000     1.000000     1.000000     1.000000     1.000000   

            FE_PO2  
count  7200.000000  
mean     -0.981739  
std       0.155291  
min      -1.000000  
25%      -0.999934  
50%      -0.999934  
75%      -0.999934  
max       1.000000  
   label   PE_HEOL  PE_HEOR    PE_FP1  PE_FP2   PE_VEOU   PE_VEOL     PE_F7  \
0      0 -0.999561     -1.0  0.121578    -1.0 -0.994289 -0.826443 -1.000000   
1      0 -0.999032     -1.0  0.087135    -1.0 -1.000000 -1.000000 -0.169812   
2      0 -1.000000     -1.0 -0.098565    -1.0 -0.996023 -1.000000 -0.341846   

   PE_F3     PE_FZ  PE_F4     PE_F8  PE_FT7    PE_FC3  PE_FCZ    PE_FC4  \
0   -1.0 -0.101827   -1.0 -0.149243    -1.0  0.073365    -1.0  0.385265   
1   -1.0 -0.314000   -1.0  0.016576    -1.0 -0.303890    -1.0  0.335255   
2   -1.0 -0.519864   -1.0  0.002046    -1.0 -0.535130    -1.0  0.143426   

   PE_FT8     PE_T3     PE_C3     PE_CZ     PE_C4     PE_T4    PE_TP7  \
0    -1.0  0.000801  0.199424 -1.000000  0.051540 -0.164731  0.172220   
1    -1.0  0.019186  0.098201 -0.214974  0.131019 -0.134550  0.260821   
2    -1.0 -0.327945 -0.038396 -0.349832  0.136647 -0.337501  0.267095   

     PE_CP3  PE_CPZ    PE_CP4  PE_TP8     PE_A1  PE_T5     PE_P3     PE_PZ  \
0  0.066344    -1.0  0.279308    -1.0 -0.190518   -1.0 -0.307615  0.069241   
1  0.132791    -1.0  0.276254    -1.0 -0.118140   -1.0 -0.183193 -0.020995   
2 -0.065992    -1.0 -0.053642    -1.0 -0.273598   -1.0 -0.241228 -0.142767   

      PE_P4     PE_T6     PE_A2  PE_O1     PE_OZ     PE_O2    PE_FT9  PE_FT10  \
0 -0.103320  0.209615  0.231612   -1.0  0.220438 -0.380501  0.027717     -1.0   
1  0.048698  0.107532 -0.054672   -1.0  0.119667  0.315191 -0.114624     -1.0   
2 -0.135100 -0.030226  0.067454   -1.0 -1.000000  0.026934 -0.318547     -1.0   

     PE_PO1  PE_PO2  AE_HEOL  AE_HEOR    AE_FP1  AE_FP2   AE_VEOU   AE_VEOL  \
0 -0.124365    -1.0     -1.0     -1.0  0.492116    -1.0 -0.999599 -0.866099   
1  0.019643    -1.0     -1.0     -1.0  0.566681    -1.0 -0.997737 -1.000000   
2 -0.396249    -1.0     -1.0     -1.0  0.779662    -1.0 -0.999951 -1.000000   

      AE_F7  AE_F3     AE_FZ  AE_F4     AE_F8  AE_FT7    AE_FC3  AE_FCZ  \
0  0.508707   -1.0 -0.274157   -1.0  0.258279    -1.0 -0.318137    -1.0   
1  0.435549   -1.0 -0.707990   -1.0  0.099677    -1.0 -0.698546    -1.0   
2 -0.261206   -1.0 -0.420892   -1.0  0.808174    -1.0 -0.500968    -1.0   

     AE_FC4  AE_FT8     AE_T3     AE_C3     AE_CZ     AE_C4     AE_T4  \
0  0.450107    -1.0  0.041487  0.165312  0.514769  0.176472  0.404775   
1  0.253481    -1.0 -0.061828  0.130344  0.462166  0.082820  0.185116   
2  0.344464    -1.0 -0.432827  0.064459  0.227422  0.154018 -0.196380   

     AE_TP7    AE_CP3  AE_CPZ    AE_CP4  AE_TP8     AE_A1  AE_T5     AE_P3  \
0  0.330065  0.459194    -1.0  0.163653    -1.0  0.458726   -1.0  0.512051   
1  0.224187  0.349984    -1.0  0.022383    -1.0  0.374245   -1.0  0.423257   
2  0.304679  0.638261    -1.0 -0.142103    -1.0  0.377017   -1.0  0.483066   

      AE_PZ     AE_P4     AE_T6     AE_A2  AE_O1     AE_OZ     AE_O2  \
0  0.009829  0.039441  0.177330  0.478433   -1.0  0.273869 -0.994121   
1 -0.020473  0.178479  0.142002 -0.254727   -1.0  0.023645 -0.872121   
2 -0.077568  0.117422  0.075437  0.336314   -1.0  0.017521 -0.721930   

     AE_FT9  AE_FT10    AE_PO1  AE_PO2  SE_HEOL  SE_HEOR    SE_FP1  SE_FP2  \
0 -0.194535     -1.0 -0.082797    -1.0     -1.0     -1.0  0.436280    -1.0   
1 -0.326262     -1.0 -0.122682    -1.0     -1.0     -1.0  0.592013    -1.0   
2 -0.602429     -1.0 -0.629587    -1.0     -1.0     -1.0  0.830267    -1.0   

    SE_VEOU   SE_VEOL     SE_F7  SE_F3     SE_FZ  SE_F4     SE_F8  SE_FT7  \
0 -0.999674 -0.964705  0.611881   -1.0 -0.329641   -1.0  0.322292    -1.0   
1 -0.998157 -1.000000  0.538185   -1.0 -0.726161   -1.0 -0.046194    -1.0   
2 -0.999959 -1.000000 -0.207812   -1.0 -0.479629   -1.0  0.845555    -1.0   

     SE_FC3  SE_FCZ    SE_FC4  SE_FT8     SE_T3     SE_C3     SE_CZ     SE_C4  \
0 -0.345164    -1.0  0.371305    -1.0  0.033965 -0.103825  0.582760 -0.088591   
1 -0.698082    -1.0  0.140800    -1.0 -0.063677 -0.148922  0.569613 -0.186852   
2 -0.524903    -1.0  0.243769    -1.0 -0.434255 -0.210274  0.280611 -0.127053   

      SE_T4    SE_TP7    SE_CP3  SE_CPZ    SE_CP4  SE_TP8     SE_A1  SE_T5  \
0  0.473322 -0.063814  0.491318    -1.0  0.136119    -1.0  0.594825   -1.0   
1  0.236527 -0.164746  0.423467    -1.0  0.048301    -1.0  0.503565   -1.0   
2 -0.163345 -0.103321  0.706968    -1.0 -0.127432    -1.0  0.526081   -1.0   

      SE_P3     SE_PZ     SE_P4     SE_T6     SE_A2  SE_O1     SE_OZ  \
0  0.610855 -0.287882  0.034026 -0.103825  0.452956   -1.0  0.240304   
1  0.502029 -0.323717  0.159856 -0.148922 -0.234493   -1.0 -0.002700   
2  0.579835 -0.372469  0.098344 -0.210274  0.254286   -1.0 -0.009042   

      SE_O2    SE_FT9  SE_FT10    SE_PO1  SE_PO2   FE_HEOL   FE_HEOR  \
0 -0.995656 -0.261953     -1.0 -0.098367    -1.0 -0.978497 -0.999549   
1 -0.974817 -0.367786     -1.0 -0.163835    -1.0 -0.974900 -0.999549   
2 -0.955493 -0.590970     -1.0 -0.641732    -1.0 -0.995914 -0.999549   

     FE_FP1    FE_FP2   FE_VEOU   FE_VEOL     FE_F7     FE_F3     FE_FZ  \
0  0.407227 -0.999743 -0.926496 -0.954334  0.416226 -0.999916 -0.257520   
1  0.470019 -0.999743 -0.915923 -0.999359  0.521633 -0.999916 -0.636540   
2  0.726882 -0.999743 -0.928536 -0.999359 -0.224288 -0.999916 -0.382175   

      FE_F4     FE_F8  FE_FT7    FE_FC3    FE_FCZ    FE_FC4  FE_FT8     FE_T3  \
0 -0.999918  0.196036    -1.0 -0.175620 -0.999941  0.236901    -1.0  0.001597   
1 -0.999918  0.061570    -1.0 -0.551968 -0.999941  0.136691    -1.0 -0.051843   
2 -0.999918  0.796868    -1.0 -0.334273 -0.999941  0.172739    -1.0 -0.353435   

      FE_C3     FE_CZ     FE_C4     FE_T4    FE_TP7    FE_CP3    FE_CPZ  \
0  0.007174  0.439816 -0.189667  0.184901  0.123630  0.334644 -0.999915   
1 -0.021257  0.370410 -0.243939  0.020317  0.048368  0.255316 -0.999915   
2 -0.081759  0.142142 -0.205261 -0.233607  0.102004  0.551330 -0.999915   

     FE_CP4    FE_TP8     FE_A1  FE_T5     FE_P3     FE_PZ     FE_P4  \
0  0.151688 -0.999717  0.423459   -1.0  0.558934 -0.290997  0.009555   
1 -0.013159 -0.999717  0.319969   -1.0  0.461996 -0.311010  0.070528   
2 -0.118330 -0.999717  0.352156   -1.0  0.408872 -0.353597  0.025509   

      FE_T6     FE_A2    FE_O1     FE_OZ     FE_O2    FE_FT9  FE_FT10  \
0 -0.012580  0.296182 -0.99974  0.141973 -0.891529 -0.125697     -1.0   
1 -0.040454 -0.268139 -0.99974 -0.061787 -0.880502 -0.227114     -1.0   
2 -0.099769  0.156324 -0.99974 -0.074352 -0.767202 -0.466003     -1.0   

     FE_PO1    FE_PO2  
0 -0.089392 -0.999934  
1 -0.097003 -0.999934  
2 -0.501607 -0.999934  
      label  PE_HEOL  PE_HEOR    PE_FP1  PE_FP2   PE_VEOU  PE_VEOL     PE_F7  \
7197      1     -1.0     -1.0  0.434323    -1.0 -0.999543     -1.0 -0.009653   
7198      1     -1.0     -1.0  0.389340    -1.0 -1.000000     -1.0  0.091442   
7199      1     -1.0     -1.0  0.046717    -1.0 -1.000000     -1.0  0.235119   

      PE_F3     PE_FZ     PE_F4     PE_F8  PE_FT7    PE_FC3  PE_FCZ    PE_FC4  \
7197   -1.0  0.064143  0.160635 -1.000000    -1.0  0.068676    -1.0 -0.035795   
7198   -1.0  0.023564  0.025124 -0.110525    -1.0 -0.082431    -1.0  0.182394   
7199   -1.0  0.031411  0.201147 -1.000000    -1.0 -0.050752    -1.0  0.074119   

      PE_FT8     PE_T3     PE_C3     PE_CZ  PE_C4     PE_T4  PE_TP7    PE_CP3  \
7197    -1.0 -0.176373  0.203043 -0.196407   -1.0 -0.164445    -1.0  0.450970   
7198    -1.0 -1.000000  0.062580 -0.045411   -1.0  0.028388    -1.0  0.456125   
7199    -1.0 -0.019697  0.245035  0.061854   -1.0  0.191200    -1.0  0.571689   

      PE_CPZ    PE_CP4  PE_TP8     PE_A1  PE_T5     PE_P3  PE_PZ     PE_P4  \
7197    -1.0  0.259948    -1.0 -0.165225   -1.0  0.031280   -1.0  0.043782   
7198    -1.0  0.265700    -1.0  0.031665   -1.0  0.315987   -1.0  0.141057   
7199    -1.0  0.343689    -1.0 -0.002202   -1.0  0.462881   -1.0  0.423702   

      PE_T6     PE_A2  PE_O1     PE_OZ     PE_O2    PE_FT9  PE_FT10    PE_PO1  \
7197   -1.0  0.598360   -1.0  0.012550 -1.000000 -0.205188     -1.0 -0.270484   
7198   -1.0  0.587814   -1.0  0.139830 -0.631557 -0.055749     -1.0 -0.235435   
7199   -1.0 -1.000000   -1.0  0.209768 -1.000000 -0.048721     -1.0 -0.170516   

      PE_PO2  AE_HEOL  AE_HEOR    AE_FP1  AE_FP2  AE_VEOU  AE_VEOL     AE_F7  \
7197    -1.0     -1.0     -1.0  0.573295    -1.0     -1.0     -1.0 -0.120529   
7198    -1.0     -1.0     -1.0  0.626105    -1.0     -1.0     -1.0  0.047358   
7199    -1.0     -1.0     -1.0  0.230703    -1.0     -1.0     -1.0  0.240538   

      AE_F3     AE_FZ     AE_F4     AE_F8  AE_FT7    AE_FC3  AE_FCZ    AE_FC4  \
7197   -1.0  0.254693  0.369394  0.275455    -1.0  0.025696    -1.0 -0.132750   
7198   -1.0  0.295052  0.274033  0.238032    -1.0  0.027105    -1.0  0.184951   
7199   -1.0  0.218473  0.517243  0.591076    -1.0 -0.037737    -1.0 -0.024955   

      AE_FT8     AE_T3     AE_C3     AE_CZ  AE_C4     AE_T4  AE_TP7    AE_CP3  \
7197    -1.0 -0.360705  0.341666 -0.279954   -1.0 -0.334464    -1.0  0.085775   
7198    -1.0 -0.247816  0.248237 -0.074883   -1.0 -0.171724    -1.0  0.387784   
7199    -1.0 -0.089137  0.486521  0.168048   -1.0  0.042557    -1.0  0.430197   

      AE_CPZ    AE_CP4  AE_TP8     AE_A1  AE_T5     AE_P3  AE_PZ     AE_P4  \
7197    -1.0  0.107414    -1.0 -0.398414   -1.0 -0.114491   -1.0  0.030706   
7198    -1.0  0.145738    -1.0 -0.184201   -1.0  0.180733   -1.0  0.170503   
7199    -1.0  0.079127    -1.0 -0.107452   -1.0  0.516641   -1.0  0.653949   

      AE_T6     AE_A2  AE_O1     AE_OZ  AE_O2    AE_FT9  AE_FT10    AE_PO1  \
7197   -1.0  0.722118   -1.0  0.038231   -1.0 -0.104456     -1.0 -0.944035   
7198   -1.0  0.745623   -1.0  0.245082   -1.0  0.108152     -1.0 -0.917825   
7199   -1.0  0.671389   -1.0  0.097905   -1.0 -0.097531     -1.0 -0.789707   

      AE_PO2  SE_HEOL  SE_HEOR    SE_FP1  SE_FP2  SE_VEOU  SE_VEOL     SE_F7  \
7197    -1.0     -1.0     -1.0  0.421069    -1.0     -1.0     -1.0 -0.086321   
7198    -1.0     -1.0     -1.0  0.417976    -1.0     -1.0     -1.0 -0.005189   
7199    -1.0     -1.0     -1.0  0.177396    -1.0     -1.0     -1.0  0.243220   

      SE_F3     SE_FZ     SE_F4     SE_F8  SE_FT7    SE_FC3  SE_FCZ    SE_FC4  \
7197   -1.0  0.175436  0.014468  0.219102    -1.0 -0.110655    -1.0 -0.140668   
7198   -1.0  0.264579 -0.047108  0.202802    -1.0 -0.024402    -1.0  0.118122   
7199   -1.0  0.070116  0.164509  0.519348    -1.0 -0.072102    -1.0 -0.053232   

      SE_FT8     SE_T3     SE_C3     SE_CZ  SE_C4     SE_T4  SE_TP7    SE_CP3  \
7197    -1.0 -0.399797  0.014468 -0.333376   -1.0 -0.364226    -1.0  0.030256   
7198    -1.0 -0.328177 -0.047108 -0.112721   -1.0 -0.180826    -1.0  0.152156   
7199    -1.0 -0.137100  0.164509  0.108487   -1.0  0.016460    -1.0  0.401491   

      SE_CPZ    SE_CP4  SE_TP8     SE_A1  SE_T5     SE_P3  SE_PZ     SE_P4  \
7197    -1.0  0.085629    -1.0 -0.418184   -1.0 -0.166683   -1.0 -0.113165   
7198    -1.0  0.045646    -1.0 -0.207580   -1.0  0.041259   -1.0  0.093029   
7199    -1.0  0.050159    -1.0 -0.124390   -1.0  0.417423   -1.0  0.574073   

      SE_T6     SE_A2  SE_O1     SE_OZ     SE_O2    SE_FT9  SE_FT10    SE_PO1  \
7197   -1.0  0.569264   -1.0  0.006583 -0.999967 -0.074876     -1.0 -0.925284   
7198   -1.0  0.573122   -1.0  0.153369 -1.000000  0.050513     -1.0 -0.902485   
7199   -1.0  0.600899   -1.0  0.072274 -1.000000 -0.128105     -1.0 -0.790163   

      SE_PO2   FE_HEOL   FE_HEOR    FE_FP1    FE_FP2   FE_VEOU   FE_VEOL  \
7197    -1.0 -0.988196 -0.999549  0.383729 -0.999743 -0.990703 -0.999359   
7198    -1.0 -0.976349 -0.999549  0.482793 -0.999743 -0.992483 -0.999359   
7199    -1.0 -0.988777 -0.999549  0.146445 -0.999743 -0.986613 -0.999359   

         FE_F7     FE_F3     FE_FZ     FE_F4     FE_F8  FE_FT7    FE_FC3  \
7197 -0.101175 -0.999916  0.114003  0.033757  0.168474    -1.0 -0.028569   
7198  0.041856 -0.999916  0.147175 -0.025100  0.205065    -1.0 -0.040063   
7199  0.166398 -0.999916  0.068751  0.177268  0.410553    -1.0 -0.089280   

      FE_FCZ    FE_FC4  FE_FT8     FE_T3     FE_C3     FE_CZ     FE_C4  \
7197    -1.0 -0.159202    -1.0 -0.313385  0.066280 -0.204569 -0.999934   
7198    -1.0  0.056830    -1.0 -0.246743  0.005566 -0.063399 -0.999934   
7199    -1.0 -0.078792    -1.0 -0.071506  0.214318  0.169284 -0.999934   

         FE_T4  FE_TP7    FE_CP3    FE_CPZ    FE_CP4    FE_TP8     FE_A1  \
7197 -0.320153    -1.0  0.069332 -0.999915  0.035553 -0.999717 -0.339603   
7198 -0.219392    -1.0  0.249306 -0.999915  0.056749 -0.999717 -0.166271   
7199  0.002477    -1.0  0.348829 -0.999915 -0.013170 -0.999717 -0.111198   

      FE_T5     FE_P3    FE_PZ     FE_P4  FE_T6     FE_A2  FE_O1     FE_OZ  \
7197   -1.0 -0.158968 -0.99994 -0.079988   -1.0  0.591185   -1.0 -0.049384   
7198   -1.0  0.000676 -0.99994  0.037228   -1.0  0.613000   -1.0  0.081517   
7199   -1.0  0.359122 -0.99994  0.507521   -1.0  0.539578   -1.0 -0.011246   

         FE_O2    FE_FT9  FE_FT10    FE_PO1    FE_PO2  
7197 -0.999093 -0.073800     -1.0 -0.890175 -0.999934  
7198 -0.999085  0.076810     -1.0 -0.842880 -0.999934  
7199 -0.999077 -0.050351     -1.0 -0.642721 -0.999934  
      label   PE_HEOL  PE_HEOR    PE_FP1  PE_FP2   PE_VEOU  PE_VEOL     PE_F7  \
5930      1  0.256412     -1.0  0.332546    -1.0 -1.000000     -1.0  0.289956   
1467      0 -0.999323     -1.0 -0.551896    -1.0 -0.896988     -1.0  0.303246   
1183      1 -0.999232     -1.0  0.392073    -1.0 -1.000000     -1.0  0.201006   

      PE_F3     PE_FZ     PE_F4     PE_F8    PE_FT7    PE_FC3  PE_FCZ  \
5930   -1.0  0.298074 -0.802280  0.209350 -0.370826  0.355038    -1.0   
1467   -1.0  0.087580 -0.336715  0.260957  0.141524 -0.034164    -1.0   
1183   -1.0 -0.045189 -1.000000  0.055882 -0.360044  0.046393    -1.0   

        PE_FC4    PE_FT8     PE_T3  PE_C3     PE_CZ  PE_C4     PE_T4  PE_TP7  \
5930  0.359262  0.528038  0.176315   -1.0  0.164786   -1.0  0.148337    -1.0   
1467  0.334152 -1.000000 -0.195050   -1.0  0.170568   -1.0  0.062236    -1.0   
1183  0.373234 -1.000000  0.212436   -1.0  0.199270   -1.0 -0.229043    -1.0   

        PE_CP3    PE_CPZ    PE_CP4  PE_TP8     PE_A1  PE_T5     PE_P3  \
5930  0.552465 -1.000000  0.815073    -1.0  0.312814   -1.0  0.458467   
1467 -0.137216 -1.000000  0.563896    -1.0  0.321369   -1.0  0.338859   
1183  0.514147  0.237422  0.342228    -1.0  0.420074   -1.0  0.468427   

        PE_PZ     PE_P4  PE_T6     PE_A2  PE_O1     PE_OZ  PE_O2    PE_FT9  \
5930 -1.00000  0.183432   -1.0  0.511272   -1.0  0.498945   -1.0  0.208103   
1467 -1.00000  0.400400   -1.0 -0.345957   -1.0  0.530837   -1.0  0.287838   
1183  0.27258  0.409863   -1.0  0.591611   -1.0  0.313578   -1.0  0.043222   

      PE_FT10    PE_PO1  PE_PO2   AE_HEOL  AE_HEOR    AE_FP1  AE_FP2  \
5930     -1.0  0.223026    -1.0  0.669906     -1.0  0.289290    -1.0   
1467     -1.0  0.046614    -1.0 -1.000000     -1.0  0.551335    -1.0   
1183     -1.0  0.224600    -1.0 -1.000000     -1.0  0.768570    -1.0   

       AE_VEOU  AE_VEOL     AE_F7  AE_F3     AE_FZ     AE_F4     AE_F8  \
5930 -1.000000     -1.0 -0.009164   -1.0  0.556772 -0.984127  0.222667   
1467 -0.686942     -1.0  0.416189   -1.0  0.581541 -0.998813  0.714177   
1183 -1.000000     -1.0 -0.042882   -1.0 -0.328612 -1.000000  0.410116   

        AE_FT7    AE_FC3  AE_FCZ    AE_FC4    AE_FT8     AE_T3  AE_C3  \
5930 -1.000000  0.864750    -1.0  0.819689 -0.476367  0.269778   -1.0   
1467  0.489152  0.150257    -1.0  0.569830 -1.000000  0.679556   -1.0   
1183 -1.000000  0.083376    -1.0  0.539413 -1.000000  0.509209   -1.0   

         AE_CZ  AE_C4     AE_T4  AE_TP7    AE_CP3    AE_CPZ    AE_CP4  AE_TP8  \
5930  0.022613   -1.0 -0.035843    -1.0  0.690908 -1.000000  0.845155    -1.0   
1467  0.578900   -1.0 -0.017658    -1.0  0.282669 -1.000000  0.407652    -1.0   
1183  0.563227   -1.0 -0.318871    -1.0  0.587596 -0.674526  0.146939    -1.0   

         AE_A1  AE_T5     AE_P3     AE_PZ     AE_P4  AE_T6     AE_A2  AE_O1  \
5930  0.323776   -1.0  0.244615 -1.000000  0.202092   -1.0  0.735469   -1.0   
1467  0.641512   -1.0  0.766613 -1.000000  0.676126   -1.0  0.569304   -1.0   
1183  0.693431   -1.0  0.854806 -0.764837  0.873763   -1.0  0.782068   -1.0   

         AE_OZ  AE_O2    AE_FT9  AE_FT10    AE_PO1  AE_PO2   SE_HEOL  SE_HEOR  \
5930  0.741086   -1.0  0.204887     -1.0  0.043714    -1.0  0.521288     -1.0   
1467  0.476537   -1.0  0.418879     -1.0  0.038469    -1.0 -1.000000     -1.0   
1183  0.322686   -1.0  0.232474     -1.0  0.425940    -1.0 -1.000000     -1.0   

        SE_FP1  SE_FP2   SE_VEOU  SE_VEOL     SE_F7  SE_F3     SE_FZ  \
5930  0.223593    -1.0 -1.000000     -1.0 -0.030744   -1.0  0.340216   
1467  0.653216    -1.0 -0.770764     -1.0  0.411131   -1.0  0.544140   
1183  0.630412    -1.0 -1.000000     -1.0 -0.048840   -1.0 -0.299966   

         SE_F4     SE_F8    SE_FT7    SE_FC3  SE_FCZ    SE_FC4    SE_FT8  \
5930 -0.986433  0.081417 -0.999203  0.700858    -1.0  0.838768 -0.769643   
1467 -0.998048  0.649657  0.077093  0.170864    -1.0  0.455380 -1.000000   
1183 -1.000000  0.463151 -0.999828  0.053983    -1.0  0.582051 -1.000000   

         SE_T3  SE_C3     SE_CZ  SE_C4     SE_T4  SE_TP7    SE_CP3    SE_CPZ  \
5930  0.171366   -1.0 -0.046686   -1.0 -0.043956    -1.0  0.616255 -1.000000   
1467  0.799469   -1.0  0.544247   -1.0 -0.350542    -1.0  0.273832 -1.000000   
1183  0.310556   -1.0  0.547930   -1.0 -0.360869    -1.0  0.425732 -0.907431   

        SE_CP4  SE_TP8     SE_A1  SE_T5     SE_P3    SE_PZ     SE_P4  SE_T6  \
5930  0.763872    -1.0  0.312322   -1.0  0.166164 -1.00000  0.053590   -1.0   
1467  0.346542    -1.0  0.522476   -1.0  0.668139 -1.00000  0.512091   -1.0   
1183  0.091678    -1.0  0.525323   -1.0  0.799065 -0.94238  0.868786   -1.0   

         SE_A2  SE_O1     SE_OZ  SE_O2    SE_FT9  SE_FT10    SE_PO1  SE_PO2  \
5930  0.576205   -1.0  0.583934   -1.0  0.129991     -1.0 -0.055229    -1.0   
1467  0.682199   -1.0  0.339337   -1.0  0.358981     -1.0 -0.079864    -1.0   
1183  0.709507   -1.0  0.174105   -1.0  0.200304     -1.0  0.268264    -1.0   

       FE_HEOL   FE_HEOR    FE_FP1    FE_FP2   FE_VEOU   FE_VEOL     FE_F7  \
5930  0.495882 -0.999549  0.192038 -0.999743 -0.988181 -1.000000 -0.062707   
1467 -0.978284 -0.999549  0.784675 -0.999743 -0.592204 -0.999359  0.263252   
1183 -0.976127 -1.000000  0.631023 -0.999743 -0.987157 -1.000000 -0.056739   

         FE_F3     FE_FZ     FE_F4     FE_F8    FE_FT7    FE_FC3    FE_FCZ  \
5930 -1.000000  0.355696 -0.971860  0.194783 -0.988841  0.797431 -1.000000   
1467 -0.999916  0.402247 -0.987141  0.520602  0.026598  0.094424 -0.999941   
1183 -0.999916 -0.273112 -0.999918  0.327629 -0.895608 -0.003045 -0.999941   

        FE_FC4    FE_FT8     FE_T3  FE_C3     FE_CZ     FE_C4     FE_T4  \
5930  0.645818 -0.486744  0.124291   -1.0 -0.042655 -0.999934 -0.019824   
1467  0.407312 -1.000000  0.681639   -1.0  0.356884 -0.999934  0.108629   
1183  0.434826 -1.000000  0.371088   -1.0  0.397534 -0.999934 -0.322927   

      FE_TP7    FE_CP3    FE_CPZ    FE_CP4    FE_TP8     FE_A1  FE_T5  \
5930    -1.0  0.498427 -1.000000  0.686969 -1.000000  0.150225   -1.0   
1467    -1.0  0.777111 -0.999915  0.230138 -0.999717  0.424229   -1.0   
1183    -1.0  0.450407 -0.625086  0.038223 -0.999717  0.577207   -1.0   

         FE_P3     FE_PZ     FE_P4  FE_T6     FE_A2    FE_O1     FE_OZ  \
5930  0.103157 -0.999940  0.067219   -1.0  0.568038 -0.99974  0.495062   
1467  0.523549 -0.999940  0.546746   -1.0  0.713682 -0.99974  0.214497   
1183  0.699914 -0.808712  0.821656   -1.0  0.648471 -0.99974  0.157399   

         FE_O2    FE_FT9  FE_FT10    FE_PO1    FE_PO2  
5930 -0.999942  0.173549     -1.0 -0.060107 -0.999934  
1467 -0.999942  0.341286     -1.0  0.081250 -0.999934  
1183 -0.999942  0.172557     -1.0  0.246284 -0.999536  
Model RandomForestClassifier with score 0.9963888888888889 was saved.
/home/matej/2-fer/uuzop/eeg-driver-fatigue-detection/data/models/RandomForestClassifier0.99642021-12-07-00-20-22max_features=22__n_estimators=500
=== Best model RandomForestClassifier with accuracy 0.9963888888888889 and parameters {'max_features': 22, 'n_estimators': 500}
Grid scores on test set:

0.995000 (+/-0.009558) for {'max_features': 'auto', 'n_estimators': 500}
0.996389 (+/-0.009061) for {'max_features': 22, 'n_estimators': 500}
Report on train set:
              precision    recall  f1-score   support

           0   1.000000  1.000000  1.000000      1812
           1   1.000000  1.000000  1.000000      1788

    accuracy                       1.000000      3600
   macro avg   1.000000  1.000000  1.000000      3600
weighted avg   1.000000  1.000000  1.000000      3600

Report on test set:
              precision    recall  f1-score   support

           0   0.997763  0.997763  0.997763      1788
           1   0.997792  0.997792  0.997792      1812

    accuracy                       0.997778      3600
   macro avg   0.997778  0.997778  0.997778      3600
weighted avg   0.997778  0.997778  0.997778      3600

Model MLPClassifier with score 0.9833333333333332 was saved.
/home/matej/2-fer/uuzop/eeg-driver-fatigue-detection/data/models/MLPClassifier0.98332021-12-07-00-34-03alpha=0.0001__learning_rate=constant
=== Best model MLPClassifier with accuracy 0.9833333333333332 and parameters {'alpha': 0.0001, 'learning_rate': 'constant'}
Grid scores on test set:

0.978333 (+/-0.012373) for {'alpha': 1e-05, 'learning_rate': 'adaptive'}
0.978889 (+/-0.007536) for {'alpha': 0.05, 'learning_rate': 'constant'}
0.979444 (+/-0.006431) for {'alpha': 0.05, 'learning_rate': 'adaptive'}
0.980833 (+/-0.010153) for {'alpha': 0.001, 'learning_rate': 'constant'}
0.981111 (+/-0.010334) for {'alpha': 0.0001, 'learning_rate': 'adaptive'}
0.981389 (+/-0.008889) for {'alpha': 1e-05, 'learning_rate': 'constant'}
0.982500 (+/-0.015772) for {'alpha': 0.001, 'learning_rate': 'adaptive'}
0.983333 (+/-0.007027) for {'alpha': 0.0001, 'learning_rate': 'constant'}
Report on train set:
              precision    recall  f1-score   support

           0   1.000000  0.999448  0.999724      1812
           1   0.999441  1.000000  0.999720      1788

    accuracy                       0.999722      3600
   macro avg   0.999721  0.999724  0.999722      3600
weighted avg   0.999722  0.999722  0.999722      3600

Report on test set:
              precision    recall  f1-score   support

           0   0.987201  0.992170  0.989679      1788
           1   0.992235  0.987307  0.989765      1812

    accuracy                       0.989722      3600
   macro avg   0.989718  0.989738  0.989722      3600
weighted avg   0.989735  0.989722  0.989722      3600

Model KNeighborsClassifier with score 0.9816666666666667 was saved.
/home/matej/2-fer/uuzop/eeg-driver-fatigue-detection/data/models/KNeighborsClassifier0.98172021-12-07-00-34-04weights=distance
=== Best model KNeighborsClassifier with accuracy 0.9816666666666667 and parameters {'weights': 'distance'}
Grid scores on test set:

0.981111 (+/-0.007778) for {'weights': 'uniform'}
0.981667 (+/-0.007536) for {'weights': 'distance'}
Report on train set:
              precision    recall  f1-score   support

           0   1.000000  1.000000  1.000000      1812
           1   1.000000  1.000000  1.000000      1788

    accuracy                       1.000000      3600
   macro avg   1.000000  1.000000  1.000000      3600
weighted avg   1.000000  1.000000  1.000000      3600

Report on test set:
              precision    recall  f1-score   support

           0   0.977765  0.983781  0.980764      1788
           1   0.983898  0.977925  0.980902      1812

    accuracy                       0.980833      3600
   macro avg   0.980832  0.980853  0.980833      3600
weighted avg   0.980852  0.980833  0.980834      3600

Model SVC with score 0.9883333333333335 was saved.
/home/matej/2-fer/uuzop/eeg-driver-fatigue-detection/data/models/SVC0.98832021-12-07-00-36-29C=100__gamma=0.03125
=== Best model SVC with accuracy 0.9883333333333335 and parameters {'C': 100, 'gamma': 0.03125}
Grid scores on test set:

0.503333 (+/-0.001361) for {'C': 0.5, 'gamma': 1e-05}
0.503333 (+/-0.001361) for {'C': 1, 'gamma': 1e-05}
0.523333 (+/-0.012222) for {'C': 0.5, 'gamma': 0.0001}
0.631111 (+/-0.037540) for {'C': 1, 'gamma': 0.0001}
0.743889 (+/-0.020306) for {'C': 0.5, 'gamma': 0.001}
0.763056 (+/-0.031701) for {'C': 100, 'gamma': 1e-05}
0.766944 (+/-0.034129) for {'C': 1, 'gamma': 0.001}
0.847778 (+/-0.029949) for {'C': 500, 'gamma': 1e-05}
0.863333 (+/-0.023214) for {'C': 1000, 'gamma': 1e-05}
0.866667 (+/-0.022430) for {'C': 100, 'gamma': 0.0001}
0.871944 (+/-0.015456) for {'C': 1500, 'gamma': 1e-05}
0.883611 (+/-0.022866) for {'C': 500, 'gamma': 0.0001}
0.893056 (+/-0.023107) for {'C': 1000, 'gamma': 0.0001}
0.901667 (+/-0.024114) for {'C': 1500, 'gamma': 0.0001}
0.939722 (+/-0.017356) for {'C': 100, 'gamma': 0.001}
0.961667 (+/-0.015967) for {'C': 0.5, 'gamma': 0.03125}
0.967222 (+/-0.011993) for {'C': 500, 'gamma': 0.001}
0.969722 (+/-0.015255) for {'C': 1, 'gamma': 0.03125}
0.977778 (+/-0.014487) for {'C': 1000, 'gamma': 0.001}
0.982222 (+/-0.015051) for {'C': 1500, 'gamma': 0.001}
0.988333 (+/-0.009876) for {'C': 100, 'gamma': 0.03125}
0.988333 (+/-0.010628) for {'C': 500, 'gamma': 0.03125}
0.988333 (+/-0.010628) for {'C': 1000, 'gamma': 0.03125}
0.988333 (+/-0.010628) for {'C': 1500, 'gamma': 0.03125}
Report on train set:
              precision    recall  f1-score   support

           0   1.000000  1.000000  1.000000      1812
           1   1.000000  1.000000  1.000000      1788

    accuracy                       1.000000      3600
   macro avg   1.000000  1.000000  1.000000      3600
weighted avg   1.000000  1.000000  1.000000      3600

Report on test set:
              precision    recall  f1-score   support

           0   0.986157  0.996085  0.991096      1788
           1   0.996098  0.986203  0.991126      1812

    accuracy                       0.991111      3600
   macro avg   0.991128  0.991144  0.991111      3600
weighted avg   0.991161  0.991111  0.991111      3600

